t[i]	area	sgcmfluxint	sghmfluxint	sglmfluxint	trcmfluxint	trhmfluxint	trlmfluxint	mflux_sg_tot	mflux_tr_tot	alphaint/area
1.000000e-01	1.955433e-03	0.000000e+00	0.000000e+00	0.000000e+00	0.000000e+00	0.000000e+00	0.000000e+00	0.000000e+00	0.000000e+00	1.000000e+00
2.000000e-01	1.955433e-03	0.000000e+00	0.000000e+00	0.000000e+00	0.000000e+00	0.000000e+00	0.000000e+00	0.000000e+00	0.000000e+00	1.000000e+00
3.000000e-01	1.955433e-03	7.861982e-35	7.553676e-33	6.393840e-37	1.836589e-34	2.544647e-32	4.047864e-36	7.632935e-33	2.563418e-32	1.000000e+00
4.000000e-01	1.955433e-03	3.451028e-25	2.212398e-23	1.124449e-27	8.929660e-25	8.123209e-23	6.183051e-27	2.247021e-23	8.213124e-23	1.000000e+00
5.000000e-01	1.955433e-03	4.019235e-18	2.302391e-16	1.034273e-20	9.706036e-18	7.757241e-16	4.847618e-20	2.342687e-16	7.854786e-16	1.000000e+00
6.000000e-01	1.955433e-03	2.556587e-13	1.437656e-11	6.520642e-16	5.609214e-13	4.289087e-11	2.598230e-15	1.463287e-11	4.345439e-11	1.000000e+00
7.000000e-01	1.955433e-03	1.424223e-11	7.991003e-10	3.754649e-14	2.774969e-11	2.041052e-09	1.233502e-13	8.133801e-10	2.068925e-09	1.000000e+00
8.000000e-01	1.955433e-03	3.948569e-11	2.234000e-09	1.088140e-13	6.881362e-11	4.971297e-09	3.052514e-13	2.273594e-09	5.040416e-09	1.000000e+00
9.000000e-01	1.955433e-03	1.263633e-10	5.724518e-09	3.723430e-13	2.484093e-10	1.414569e-08	1.284767e-12	5.851253e-09	1.439539e-08	1.000000e+00
1.000000e+00	1.955433e-03	2.280749e-09	6.416489e-08	8.574687e-12	4.627746e-09	1.725331e-07	3.230304e-11	6.645421e-08	1.771932e-07	1.000000e+00
1.100000e+00	1.955433e-03	1.412389e-08	3.262127e-07	7.018452e-11	2.586958e-08	7.925431e-07	2.377271e-10	3.404067e-07	8.186504e-07	1.000000e+00
1.200000e+00	1.955433e-03	3.873858e-08	7.635680e-07	2.575330e-10	6.522873e-08	1.688980e-06	8.217285e-10	8.025641e-07	1.755031e-06	1.000000e+00
1.300000e+00	1.955433e-03	9.781762e-08	1.630552e-06	8.259591e-10	1.565843e-07	3.398018e-06	2.513153e-09	1.729196e-06	3.557115e-06	1.000000e+00
1.400000e+00	1.955433e-03	2.038470e-07	2.753322e-06	2.101285e-09	3.232390e-07	5.533489e-06	6.336112e-09	2.959271e-06	5.863065e-06	1.000000e+00
1.500000e+00	1.955433e-03	5.261894e-07	4.706535e-06	7.023081e-09	8.925341e-07	9.575122e-06	2.279266e-08	5.239747e-06	1.049045e-05	1.000000e+00
1.600000e+00	1.955433e-03	8.924628e-07	6.428571e-06	1.365238e-08	1.473462e-06	1.250587e-05	4.127798e-08	7.334687e-06	1.402061e-05	1.000000e+00
1.700000e+00	1.955433e-03	1.414437e-06	7.632580e-06	2.533603e-08	2.379946e-06	1.447061e-05	7.644214e-08	9.072354e-06	1.692700e-05	1.000000e+00
1.800000e+00	1.955433e-03	2.323049e-06	8.643852e-06	4.931113e-08	4.038955e-06	1.633880e-05	1.500980e-07	1.101621e-05	2.052786e-05	1.000000e+00
1.900000e+00	1.955433e-03	3.435779e-06	9.186738e-06	8.446150e-08	6.055744e-06	1.712207e-05	2.536574e-07	1.270698e-05	2.343147e-05	1.000000e+00
2.000000e+00	1.955433e-03	4.959096e-06	9.293691e-06	1.427380e-07	9.084833e-06	1.719508e-05	4.386013e-07	1.439553e-05	2.671851e-05	1.000000e+00
2.100000e+00	1.955433e-03	6.697475e-06	9.429334e-06	2.207118e-07	1.269079e-05	1.758473e-05	6.939446e-07	1.634752e-05	3.096947e-05	1.000000e+00
2.200000e+00	1.955433e-03	8.642980e-06	9.170087e-06	3.384529e-07	1.760674e-05	1.736001e-05	1.150552e-06	1.815152e-05	3.611730e-05	1.000000e+00
2.300000e+00	1.955433e-03	1.030770e-05	8.867367e-06	4.627018e-07	2.111143e-05	1.648773e-05	1.562011e-06	1.963777e-05	3.916117e-05	1.000000e+00
2.400000e+00	1.955433e-03	1.117684e-05	8.265522e-06	5.914669e-07	2.329816e-05	1.528357e-05	2.064026e-06	2.003383e-05	4.064575e-05	1.000000e+00
2.500000e+00	1.955433e-03	1.218189e-05	7.947730e-06	7.689156e-07	2.622080e-05	1.503765e-05	2.812733e-06	2.089854e-05	4.407118e-05	1.000000e+00
2.600000e+00	1.955433e-03	1.328393e-05	7.885737e-06	1.018572e-06	2.809210e-05	1.455264e-05	3.705373e-06	2.218824e-05	4.635011e-05	1.000000e+00
2.700000e+00	1.955433e-03	1.356000e-05	7.824599e-06	1.304867e-06	2.842694e-05	1.438476e-05	4.857385e-06	2.268947e-05	4.766909e-05	1.000000e+00
2.800000e+00	1.955433e-03	1.330122e-05	7.681685e-06	1.566750e-06	2.755641e-05	1.409323e-05	5.954224e-06	2.254965e-05	4.760386e-05	1.000000e+00
2.900000e+00	1.955433e-03	1.241210e-05	7.392450e-06	1.783328e-06	2.548382e-05	1.362491e-05	6.972161e-06	2.158788e-05	4.608089e-05	1.000000e+00
3.000000e+00	1.955433e-03	1.160240e-05	7.234175e-06	1.942176e-06	2.386951e-05	1.358813e-05	7.831795e-06	2.077875e-05	4.528943e-05	1.000000e+00
3.100000e+00	1.955433e-03	1.130466e-05	7.292928e-06	2.293735e-06	2.266039e-05	1.345145e-05	9.283912e-06	2.089132e-05	4.539575e-05	1.000000e+00
3.200000e+00	1.955433e-03	1.058864e-05	7.273258e-06	2.353142e-06	2.145193e-05	1.374141e-05	9.760186e-06	2.021504e-05	4.495353e-05	1.000000e+00
3.300000e+00	1.955433e-03	1.025351e-05	7.390533e-06	2.504961e-06	2.056607e-05	1.393437e-05	1.048883e-05	2.014901e-05	4.498927e-05	1.000000e+00
3.400000e+00	1.955433e-03	1.060601e-05	7.752115e-06	2.798779e-06	2.097464e-05	1.435935e-05	1.166431e-05	2.115691e-05	4.699831e-05	1.000000e+00
3.500000e+00	1.955433e-03	1.020883e-05	7.537386e-06	2.767692e-06	2.034407e-05	1.407588e-05	1.172076e-05	2.051391e-05	4.614071e-05	1.000000e+00
3.600000e+00	1.955433e-03	1.033355e-05	7.445933e-06	2.922317e-06	2.064312e-05	1.379720e-05	1.245803e-05	2.070180e-05	4.689836e-05	1.000000e+00
3.700000e+00	1.955433e-03	1.057557e-05	7.401387e-06	2.967593e-06	2.144978e-05	1.387625e-05	1.273989e-05	2.094455e-05	4.806592e-05	1.000000e+00
3.800000e+00	1.955433e-03	1.045372e-05	7.304145e-06	3.003383e-06	2.104340e-05	1.366079e-05	1.278446e-05	2.076125e-05	4.748865e-05	1.000000e+00
3.900000e+00	1.955433e-03	1.030752e-05	7.291634e-06	3.061726e-06	2.055343e-05	1.357848e-05	1.287124e-05	2.066088e-05	4.700314e-05	1.000000e+00
4.000000e+00	1.955433e-03	1.017316e-05	7.342911e-06	3.162150e-06	2.003707e-05	1.356808e-05	1.312043e-05	2.067822e-05	4.672558e-05	9.999999e-01
4.100000e+00	1.955433e-03	1.025448e-05	7.556472e-06	3.210785e-06	2.020202e-05	1.393858e-05	1.321745e-05	2.102174e-05	4.735804e-05	9.999966e-01
4.200000e+00	1.955433e-03	1.046598e-05	7.749922e-06	3.262739e-06	2.053477e-05	1.422793e-05	1.323629e-05	2.147864e-05	4.799899e-05	9.999892e-01
4.300000e+00	1.955433e-03	1.054260e-05	7.887052e-06	3.290119e-06	2.073141e-05	1.454556e-05	1.324823e-05	2.171977e-05	4.852520e-05	9.999814e-01
4.400000e+00	1.955433e-03	1.054955e-05	7.764197e-06	3.204440e-06	2.098460e-05	1.444774e-05	1.278931e-05	2.151819e-05	4.822166e-05	9.999742e-01
4.500000e+00	1.955433e-03	1.104783e-05	7.945174e-06	3.310932e-06	2.198656e-05	1.483775e-05	1.311305e-05	2.230394e-05	4.993736e-05	9.999684e-01
4.600000e+00	1.955433e-03	1.128028e-05	7.977476e-06	3.489419e-06	2.223945e-05	1.476940e-05	1.351589e-05	2.274718e-05	5.052474e-05	9.999651e-01
4.700000e+00	1.955433e-03	1.164779e-05	8.154210e-06	3.726288e-06	2.277834e-05	1.498896e-05	1.411004e-05	2.352829e-05	5.187734e-05	9.999640e-01
4.800000e+00	1.955433e-03	1.120967e-05	7.801627e-06	3.641232e-06	2.204261e-05	1.442568e-05	1.365264e-05	2.265253e-05	5.012093e-05	9.999640e-01
4.900000e+00	1.955433e-03	1.121036e-05	7.739408e-06	3.639614e-06	2.237948e-05	1.448242e-05	1.369881e-05	2.258939e-05	5.056071e-05	9.999641e-01
5.000000e+00	1.955433e-03	1.126965e-05	7.694515e-06	3.867639e-06	2.206249e-05	1.412594e-05	1.419806e-05	2.283181e-05	5.038650e-05	9.999642e-01
5.100000e+00	1.955433e-03	1.116913e-05	7.783849e-06	3.801090e-06	2.222411e-05	1.463965e-05	1.393051e-05	2.275407e-05	5.079427e-05	9.999644e-01
5.200000e+00	1.955433e-03	1.100707e-05	7.864766e-06	3.913100e-06	2.153121e-05	1.463538e-05	1.402603e-05	2.278494e-05	5.019262e-05	9.999645e-01
5.300000e+00	1.955433e-03	1.115449e-05	8.234418e-06	4.085685e-06	2.176667e-05	1.536376e-05	1.448198e-05	2.347459e-05	5.161241e-05	9.999646e-01
5.400000e+00	1.955433e-03	1.143044e-05	8.566837e-06	4.088578e-06	2.245309e-05	1.610115e-05	1.435014e-05	2.408585e-05	5.290439e-05	9.999647e-01
5.500000e+00	1.955433e-03	1.172319e-05	8.780330e-06	4.146257e-06	2.298199e-05	1.645667e-05	1.444722e-05	2.464978e-05	5.388588e-05	9.999648e-01
5.600000e+00	1.955433e-03	1.206058e-05	8.700512e-06	4.214837e-06	2.368129e-05	1.617275e-05	1.449522e-05	2.497593e-05	5.434927e-05	9.999649e-01
5.700000e+00	1.955433e-03	1.189752e-05	8.208197e-06	4.167648e-06	2.370143e-05	1.537567e-05	1.441168e-05	2.427337e-05	5.348878e-05	9.999650e-01
5.800000e+00	1.955433e-03	1.255622e-05	8.338278e-06	4.542251e-06	2.434542e-05	1.522947e-05	1.519549e-05	2.543675e-05	5.477038e-05	9.999651e-01
5.900000e+00	1.955433e-03	1.229461e-05	8.268570e-06	4.480590e-06	2.414208e-05	1.538740e-05	1.515202e-05	2.504378e-05	5.468149e-05	9.999652e-01
6.000000e+00	1.955433e-03	1.180032e-05	8.079614e-06	4.428275e-06	2.306304e-05	1.494301e-05	1.487397e-05	2.430821e-05	5.288001e-05	9.999653e-01
6.100000e+00	1.955433e-03	1.222863e-05	8.375610e-06	4.698799e-06	2.359486e-05	1.526760e-05	1.537937e-05	2.530303e-05	5.424183e-05	9.999654e-01
6.200000e+00	1.955433e-03	1.218946e-05	8.269380e-06	4.762424e-06	2.352352e-05	1.506476e-05	1.551170e-05	2.522126e-05	5.409998e-05	9.999654e-01
6.300000e+00	1.955433e-03	1.200074e-05	8.014159e-06	4.935912e-06	2.295718e-05	1.450547e-05	1.597211e-05	2.495081e-05	5.343476e-05	9.999654e-01
6.400000e+00	1.955433e-03	1.146403e-05	7.483141e-06	4.918390e-06	2.191071e-05	1.355989e-05	1.583258e-05	2.386556e-05	5.130318e-05	9.999654e-01
6.500000e+00	1.955433e-03	1.117846e-05	7.409147e-06	4.939893e-06	2.143311e-05	1.363363e-05	1.591109e-05	2.352750e-05	5.097783e-05	9.999654e-01
6.600000e+00	1.955433e-03	1.094224e-05	7.621640e-06	4.911955e-06	2.108220e-05	1.423599e-05	1.585187e-05	2.347584e-05	5.117007e-05	9.999654e-01
6.700000e+00	1.955433e-03	1.069101e-05	7.891432e-06	4.819454e-06	2.066063e-05	1.487192e-05	1.554096e-05	2.340189e-05	5.107350e-05	9.999653e-01
6.800000e+00	1.955433e-03	1.073267e-05	8.021975e-06	4.749128e-06	2.098892e-05	1.518494e-05	1.534277e-05	2.350377e-05	5.151664e-05	9.999652e-01
6.900000e+00	1.955433e-03	1.120793e-05	8.251382e-06	4.887803e-06	2.165683e-05	1.531952e-05	1.550625e-05	2.434712e-05	5.248260e-05	9.999644e-01
7.000000e+00	1.955433e-03	1.125529e-05	8.117537e-06	4.852807e-06	2.185438e-05	1.511298e-05	1.544019e-05	2.422563e-05	5.240755e-05	9.999609e-01
7.100000e+00	1.955433e-03	1.167078e-05	8.262835e-06	4.991713e-06	2.244192e-05	1.527861e-05	1.570119e-05	2.492533e-05	5.342173e-05	9.999558e-01
7.200000e+00	1.955433e-03	1.172933e-05	8.322797e-06	4.905452e-06	2.274072e-05	1.563681e-05	1.554297e-05	2.495758e-05	5.392049e-05	9.999503e-01
7.300000e+00	1.955433e-03	1.199872e-05	8.552604e-06	5.016349e-06	2.296091e-05	1.590237e-05	1.575271e-05	2.556767e-05	5.461599e-05	9.999454e-01
7.400000e+00	1.955433e-03	1.222749e-05	8.653354e-06	5.005965e-06	2.379704e-05	1.630242e-05	1.598835e-05	2.588681e-05	5.608781e-05	9.999419e-01
7.500000e+00	1.955433e-03	1.253541e-05	8.675599e-06	5.127988e-06	2.418868e-05	1.612980e-05	1.614189e-05	2.633899e-05	5.646037e-05	9.999394e-01
7.600000e+00	1.955433e-03	1.221759e-05	8.391741e-06	5.022108e-06	2.339255e-05	1.551157e-05	1.568997e-05	2.563144e-05	5.459409e-05	9.999370e-01
7.700000e+00	1.955433e-03	1.243083e-05	8.493549e-06	5.127778e-06	2.387163e-05	1.575847e-05	1.609530e-05	2.605216e-05	5.572539e-05	9.999327e-01
7.800000e+00	1.955433e-03	1.203546e-05	8.076667e-06	5.059051e-06	2.308086e-05	1.494030e-05	1.585630e-05	2.517118e-05	5.387746e-05	9.999279e-01
7.900000e+00	1.955433e-03	1.164043e-05	7.644649e-06	5.120610e-06	2.223154e-05	1.406611e-05	1.600834e-05	2.440569e-05	5.230598e-05	9.999244e-01
8.000000e+00	1.955433e-03	1.153079e-05	7.478378e-06	5.342408e-06	2.210283e-05	1.384719e-05	1.674334e-05	2.435158e-05	5.269335e-05	9.999221e-01
8.100000e+00	1.955433e-03	1.102091e-05	7.332245e-06	5.204539e-06	2.114024e-05	1.369095e-05	1.628340e-05	2.355770e-05	5.111459e-05	9.999207e-01
8.200000e+00	1.955433e-03	1.058567e-05	7.276019e-06	5.066638e-06	2.038978e-05	1.367337e-05	1.593470e-05	2.292833e-05	4.999786e-05	9.999199e-01
8.300000e+00	1.955433e-03	1.065732e-05	7.591124e-06	5.167414e-06	2.032695e-05	1.414912e-05	1.602760e-05	2.341586e-05	5.050367e-05	9.999199e-01
8.400000e+00	1.955433e-03	1.057932e-05	7.906635e-06	5.067172e-06	2.026832e-05	1.485762e-05	1.574181e-05	2.355312e-05	5.086776e-05	9.999198e-01
8.500000e+00	1.955433e-03	1.070033e-05	8.024432e-06	5.002360e-06	2.063909e-05	1.507164e-05	1.554321e-05	2.372712e-05	5.125395e-05	9.999198e-01
8.600000e+00	1.955433e-03	1.108259e-05	8.057525e-06	5.029443e-06	2.145226e-05	1.505528e-05	1.557698e-05	2.416955e-05	5.208451e-05	9.999189e-01
8.700000e+00	1.955433e-03	1.122511e-05	7.852044e-06	4.995210e-06	2.157014e-05	1.452147e-05	1.527615e-05	2.407237e-05	5.136776e-05	9.999165e-01
8.800000e+00	1.955433e-03	1.136060e-05	7.612110e-06	5.133190e-06	2.154129e-05	1.382350e-05	1.553029e-05	2.410590e-05	5.089508e-05	9.999140e-01
8.900000e+00	1.955433e-03	1.152941e-05	7.405504e-06	5.214429e-06	2.205356e-05	1.357129e-05	1.589932e-05	2.414934e-05	5.152417e-05	9.999125e-01
9.000000e+00	1.955433e-03	1.141565e-05	7.277583e-06	5.244433e-06	2.175807e-05	1.340741e-05	1.600104e-05	2.393767e-05	5.116652e-05	9.999122e-01
9.100000e+00	1.955433e-03	1.120446e-05	7.369908e-06	5.269814e-06	2.129934e-05	1.372745e-05	1.607741e-05	2.384418e-05	5.110421e-05	9.999122e-01
9.200000e+00	1.955433e-03	1.075011e-05	7.499873e-06	5.126898e-06	2.041346e-05	1.411087e-05	1.569808e-05	2.337688e-05	5.022241e-05	9.999122e-01
9.300000e+00	1.955433e-03	1.054341e-05	7.569252e-06	5.045564e-06	2.001250e-05	1.421757e-05	1.538189e-05	2.315823e-05	4.961195e-05	9.999122e-01
9.400000e+00	1.955433e-03	1.077995e-05	7.690562e-06	4.972917e-06	2.072549e-05	1.452034e-05	1.523604e-05	2.344343e-05	5.048187e-05	9.999122e-01
9.500000e+00	1.955433e-03	1.094364e-05	7.680925e-06	4.926126e-06	2.099899e-05	1.439033e-05	1.498814e-05	2.355069e-05	5.037747e-05	9.999122e-01
9.600000e+00	1.955433e-03	1.118723e-05	7.708090e-06	4.910450e-06	2.194285e-05	1.469195e-05	1.529615e-05	2.380577e-05	5.193094e-05	9.999122e-01
9.700000e+00	1.955433e-03	1.166235e-05	7.990082e-06	5.159327e-06	2.218681e-05	1.480420e-05	1.543900e-05	2.481176e-05	5.243001e-05	9.999122e-01
9.800000e+00	1.955433e-03	1.128312e-05	7.950481e-06	5.064815e-06	2.151811e-05	1.486153e-05	1.525940e-05	2.429841e-05	5.163903e-05	9.999120e-01
9.900000e+00	1.955433e-03	1.131528e-05	8.271191e-06	5.197761e-06	2.145073e-05	1.542447e-05	1.557962e-05	2.478423e-05	5.245481e-05	9.999118e-01
1.000000e+01	1.955433e-03	1.119883e-05	8.356332e-06	5.175335e-06	2.131918e-05	1.563351e-05	1.564037e-05	2.473050e-05	5.259305e-05	9.999116e-01
1.010000e+01	1.955433e-03	1.107343e-05	8.331658e-06	5.120483e-06	2.097333e-05	1.552821e-05	1.533347e-05	2.452558e-05	5.183500e-05	9.999114e-01
1.020000e+01	1.955433e-03	1.116988e-05	8.287152e-06	4.997982e-06	2.128221e-05	1.551534e-05	1.501796e-05	2.445501e-05	5.181551e-05	9.999108e-01
1.030000e+01	1.955433e-03	1.150572e-05	8.098362e-06	4.959660e-06	2.205119e-05	1.515983e-05	1.497150e-05	2.456374e-05	5.218253e-05	9.999097e-01
1.040000e+01	1.955433e-03	1.167008e-05	7.724033e-06	5.035490e-06	2.214418e-05	1.425408e-05	1.506322e-05	2.442960e-05	5.146149e-05	9.999080e-01
1.050000e+01	1.955433e-03	1.178798e-05	7.398016e-06	5.113796e-06	2.240623e-05	1.367819e-05	1.528421e-05	2.429979e-05	5.136864e-05	9.999064e-01
1.060000e+01	1.955433e-03	1.181716e-05	7.415582e-06	5.211872e-06	2.250034e-05	1.391863e-05	1.566631e-05	2.444462e-05	5.208528e-05	9.999052e-01
1.070000e+01	1.955433e-03	1.181859e-05	7.719540e-06	5.300940e-06	2.239068e-05	1.458003e-05	1.585641e-05	2.483907e-05	5.282712e-05	9.999043e-01
1.080000e+01	1.955433e-03	1.166296e-05	7.958550e-06	5.299757e-06	2.201854e-05	1.500500e-05	1.580913e-05	2.492127e-05	5.283266e-05	9.999039e-01
1.090000e+01	1.955433e-03	1.140192e-05	7.923513e-06	5.197809e-06	2.142093e-05	1.472055e-05	1.536992e-05	2.452324e-05	5.151141e-05	9.999038e-01
1.100000e+01	1.955433e-03	1.133758e-05	7.765430e-06	5.179686e-06	2.141690e-05	1.436548e-05	1.535961e-05	2.428270e-05	5.114199e-05	9.999036e-01
1.110000e+01	1.955433e-03	1.074516e-05	7.176110e-06	4.907237e-06	2.074234e-05	1.352041e-05	1.486214e-05	2.282851e-05	4.912489e-05	9.999032e-01
1.120000e+01	1.955433e-03	1.125761e-05	7.411216e-06	5.296757e-06	2.146366e-05	1.383843e-05	1.585443e-05	2.396558e-05	5.115653e-05	9.999025e-01
1.130000e+01	1.955433e-03	1.122239e-05	7.447874e-06	5.317148e-06	2.129272e-05	1.393332e-05	1.571218e-05	2.398742e-05	5.093823e-05	9.999024e-01
1.140000e+01	1.955433e-03	1.116026e-05	7.410036e-06	5.269296e-06	2.117055e-05	1.383776e-05	1.552255e-05	2.383959e-05	5.053086e-05	9.999024e-01
1.150000e+01	1.955433e-03	1.118152e-05	7.575786e-06	5.313602e-06	2.129435e-05	1.423742e-05	1.571961e-05	2.407090e-05	5.125138e-05	9.999023e-01
1.160000e+01	1.955433e-03	1.122298e-05	7.809560e-06	5.295408e-06	2.131852e-05	1.464060e-05	1.556511e-05	2.432795e-05	5.152424e-05	9.999020e-01
1.170000e+01	1.955433e-03	1.149929e-05	8.173089e-06	5.331395e-06	2.185371e-05	1.530735e-05	1.563431e-05	2.500377e-05	5.279537e-05	9.999018e-01
1.180000e+01	1.955433e-03	1.146558e-05	8.048657e-06	5.265674e-06	2.187471e-05	1.502577e-05	1.556168e-05	2.477992e-05	5.246216e-05	9.999018e-01
1.190000e+01	1.955433e-03	1.174415e-05	7.985837e-06	5.369818e-06	2.239370e-05	1.483422e-05	1.582755e-05	2.509980e-05	5.305548e-05	9.999015e-01
1.200000e+01	1.955433e-03	1.126798e-05	7.593445e-06	5.164121e-06	2.149580e-05	1.420074e-05	1.529985e-05	2.402555e-05	5.099639e-05	9.999002e-01
1.210000e+01	1.955433e-03	1.120516e-05	7.582917e-06	5.268781e-06	2.141931e-05	1.425547e-05	1.576064e-05	2.405685e-05	5.143542e-05	9.998979e-01
1.220000e+01	1.955433e-03	1.089203e-05	7.276703e-06	5.275707e-06	2.061586e-05	1.351640e-05	1.555669e-05	2.344444e-05	4.968895e-05	9.998953e-01
1.230000e+01	1.955433e-03	1.109860e-05	7.317489e-06	5.449453e-06	2.104659e-05	1.359839e-05	1.606789e-05	2.386554e-05	5.071286e-05	9.998922e-01
1.240000e+01	1.955433e-03	1.098661e-05	7.350703e-06	5.438041e-06	2.084240e-05	1.373678e-05	1.602811e-05	2.377536e-05	5.060729e-05	9.998894e-01
1.250000e+01	1.955433e-03	1.060326e-05	7.641712e-06	5.224003e-06	2.015330e-05	1.445524e-05	1.543444e-05	2.346898e-05	5.004298e-05	9.998877e-01
1.260000e+01	1.955433e-03	1.037024e-05	7.914073e-06	5.119774e-06	1.966332e-05	1.488693e-05	1.516626e-05	2.340408e-05	4.971651e-05	9.998876e-01
1.270000e+01	1.955433e-03	1.071663e-05	8.201864e-06	5.088833e-06	2.050947e-05	1.539895e-05	1.517030e-05	2.400732e-05	5.107872e-05	9.998876e-01
1.280000e+01	1.955433e-03	1.097303e-05	8.132938e-06	4.984430e-06	2.097930e-05	1.510792e-05	1.478836e-05	2.409040e-05	5.087559e-05	9.998876e-01
1.290000e+01	1.955433e-03	1.127932e-05	7.990708e-06	4.908583e-06	2.165174e-05	1.482916e-05	1.462360e-05	2.417861e-05	5.110450e-05	9.998875e-01
1.300000e+01	1.955433e-03	1.133580e-05	7.718408e-06	4.864864e-06	2.178161e-05	1.436559e-05	1.454696e-05	2.391907e-05	5.069416e-05	9.998875e-01
1.310000e+01	1.955433e-03	1.128154e-05	7.453911e-06	4.980669e-06	2.135710e-05	1.371764e-05	1.470515e-05	2.371612e-05	4.977988e-05	9.998875e-01
1.320000e+01	1.955433e-03	1.134302e-05	7.278409e-06	5.296618e-06	2.134952e-05	1.335791e-05	1.559964e-05	2.391805e-05	5.030707e-05	9.998874e-01
1.330000e+01	1.955433e-03	1.105821e-05	7.194102e-06	5.257047e-06	2.089642e-05	1.342231e-05	1.547375e-05	2.350936e-05	4.979248e-05	9.998872e-01
1.340000e+01	1.955433e-03	1.089159e-05	7.289882e-06	5.254799e-06	2.051688e-05	1.365257e-05	1.541569e-05	2.343627e-05	4.958514e-05	9.998870e-01
1.350000e+01	1.955433e-03	1.096874e-05	7.627329e-06	5.202556e-06	2.071453e-05	1.438014e-05	1.522836e-05	2.379863e-05	5.032303e-05	9.998869e-01
1.360000e+01	1.955433e-03	1.106106e-05	7.728006e-06	5.140956e-06	2.106634e-05	1.455686e-05	1.519435e-05	2.393002e-05	5.081756e-05	9.998869e-01
1.370000e+01	1.955433e-03	1.103651e-05	7.546644e-06	4.938018e-06	2.114400e-05	1.417833e-05	1.460600e-05	2.352117e-05	4.992834e-05	9.998869e-01
1.380000e+01	1.955433e-03	1.129207e-05	7.537444e-06	5.070019e-06	2.129638e-05	1.391750e-05	1.481597e-05	2.389953e-05	5.002984e-05	9.998868e-01
1.390000e+01	1.955433e-03	1.140068e-05	7.576641e-06	5.162531e-06	2.142346e-05	1.400964e-05	1.507109e-05	2.413985e-05	5.050418e-05	9.998868e-01
1.400000e+01	1.955433e-03	1.130987e-05	7.592651e-06	5.211058e-06	2.137544e-05	1.415233e-05	1.538676e-05	2.411357e-05	5.091452e-05	9.998868e-01
1.410000e+01	1.955433e-03	1.098279e-05	7.340301e-06	5.126088e-06	2.085912e-05	1.370849e-05	1.520425e-05	2.344918e-05	4.977186e-05	9.998868e-01
1.420000e+01	1.955433e-03	1.078720e-05	7.298997e-06	5.073226e-06	2.076196e-05	1.386861e-05	1.525551e-05	2.315942e-05	4.988608e-05	9.998867e-01
1.430000e+01	1.955433e-03	1.031129e-05	7.093727e-06	4.960935e-06	1.967655e-05	1.339013e-05	1.474423e-05	2.236595e-05	4.781091e-05	9.998867e-01
1.440000e+01	1.955433e-03	1.008202e-05	7.200211e-06	4.862845e-06	1.961303e-05	1.389034e-05	1.475939e-05	2.214508e-05	4.826275e-05	9.998866e-01
1.450000e+01	1.955433e-03	1.025188e-05	7.494790e-06	5.039691e-06	1.940990e-05	1.403168e-05	1.476983e-05	2.278636e-05	4.821141e-05	9.998865e-01
1.460000e+01	1.955433e-03	1.051727e-05	7.715592e-06	5.187822e-06	1.981814e-05	1.430585e-05	1.511779e-05	2.342068e-05	4.924178e-05	9.998865e-01
1.470000e+01	1.955433e-03	1.073804e-05	7.753071e-06	5.218946e-06	2.027274e-05	1.432788e-05	1.518937e-05	2.371005e-05	4.978999e-05	9.998865e-01
1.480000e+01	1.955433e-03	1.098913e-05	7.819478e-06	5.151829e-06	2.084102e-05	1.451384e-05	1.505572e-05	2.396044e-05	5.041058e-05	9.998864e-01
1.490000e+01	1.955433e-03	1.103129e-05	7.847467e-06	4.987942e-06	2.119527e-05	1.482002e-05	1.485905e-05	2.386670e-05	5.087434e-05	9.998864e-01
1.500000e+01	1.955433e-03	1.139293e-05	8.069017e-06	5.052792e-06	2.153408e-05	1.499694e-05	1.475509e-05	2.451474e-05	5.128611e-05	9.998864e-01
1.510000e+01	1.955433e-03	1.158668e-05	8.001274e-06	5.063608e-06	2.213941e-05	1.496276e-05	1.497227e-05	2.465156e-05	5.207445e-05	9.998863e-01
1.520000e+01	1.955433e-03	1.154631e-05	7.691584e-06	5.051234e-06	2.214945e-05	1.440795e-05	1.497677e-05	2.428913e-05	5.153417e-05	9.998862e-01
1.530000e+01	1.955433e-03	1.150460e-05	7.613629e-06	5.066152e-06	2.199742e-05	1.430057e-05	1.488914e-05	2.418439e-05	5.118714e-05	9.998857e-01
1.540000e+01	1.955433e-03	1.122213e-05	7.663568e-06	5.081860e-06	2.136956e-05	1.442420e-05	1.493166e-05	2.396756e-05	5.072543e-05	9.998851e-01
1.550000e+01	1.955433e-03	1.143077e-05	8.134219e-06	5.252533e-06	2.185233e-05	1.542971e-05	1.549702e-05	2.481752e-05	5.277906e-05	9.998838e-01
1.560000e+01	1.955433e-03	1.145177e-05	8.314986e-06	5.201108e-06	2.183503e-05	1.569191e-05	1.525787e-05	2.496787e-05	5.278481e-05	9.998830e-01
1.570000e+01	1.955433e-03	1.153967e-05	8.301853e-06	5.121341e-06	2.207399e-05	1.564772e-05	1.510561e-05	2.496287e-05	5.282732e-05	9.998830e-01
1.580000e+01	1.955433e-03	1.170510e-05	8.242810e-06	5.172278e-06	2.235924e-05	1.550146e-05	1.529215e-05	2.512018e-05	5.315286e-05	9.998829e-01
1.590000e+01	1.955433e-03	1.157819e-05	7.986422e-06	5.003657e-06	2.221140e-05	1.512524e-05	1.483331e-05	2.456827e-05	5.216995e-05	9.998821e-01
1.600000e+01	1.955433e-03	1.202483e-05	8.114452e-06	5.208968e-06	2.283629e-05	1.523282e-05	1.528476e-05	2.534825e-05	5.335387e-05	9.998801e-01
1.610000e+01	1.955433e-03	1.195670e-05	7.850834e-06	5.175733e-06	2.276870e-05	1.476019e-05	1.522983e-05	2.498327e-05	5.275872e-05	9.998794e-01
1.620000e+01	1.955433e-03	1.236003e-05	7.876971e-06	5.458113e-06	2.341246e-05	1.466866e-05	1.599758e-05	2.569511e-05	5.407870e-05	9.998782e-01
1.630000e+01	1.955433e-03	1.182415e-05	7.470596e-06	5.310262e-06	2.247397e-05	1.397809e-05	1.558591e-05	2.460500e-05	5.203797e-05	9.998773e-01
1.640000e+01	1.955433e-03	1.153632e-05	7.414943e-06	5.296875e-06	2.175957e-05	1.381423e-05	1.543191e-05	2.424814e-05	5.100571e-05	9.998772e-01
1.650000e+01	1.955433e-03	1.077966e-05	7.182432e-06	5.188221e-06	2.041193e-05	1.351716e-05	1.531172e-05	2.315031e-05	4.924080e-05	9.998772e-01
1.660000e+01	1.955433e-03	1.054398e-05	7.420895e-06	5.150123e-06	2.021875e-05	1.423317e-05	1.535605e-05	2.311500e-05	4.980796e-05	9.998772e-01
1.670000e+01	1.955433e-03	1.051779e-05	7.628572e-06	5.261055e-06	1.971510e-05	1.428322e-05	1.518679e-05	2.340742e-05	4.918512e-05	9.998772e-01
1.680000e+01	1.955433e-03	1.072060e-05	7.850935e-06	5.203409e-06	2.025513e-05	1.479095e-05	1.501536e-05	2.377494e-05	5.006144e-05	9.998768e-01
1.690000e+01	1.955433e-03	1.104072e-05	7.862462e-06	5.151461e-06	2.103675e-05	1.480250e-05	1.498719e-05	2.405465e-05	5.082643e-05	9.998753e-01
1.700000e+01	1.955433e-03	1.150432e-05	7.619780e-06	5.243694e-06	2.200170e-05	1.419356e-05	1.533079e-05	2.436779e-05	5.152605e-05	9.998751e-01
1.710000e+01	1.955433e-03	1.193024e-05	7.451218e-06	5.547120e-06	2.245295e-05	1.359511e-05	1.601344e-05	2.492858e-05	5.206150e-05	9.998751e-01
1.720000e+01	1.955433e-03	1.170021e-05	7.162355e-06	5.516885e-06	2.194794e-05	1.308210e-05	1.586880e-05	2.437945e-05	5.089884e-05	9.998750e-01
1.730000e+01	1.955433e-03	1.117013e-05	7.101984e-06	5.353161e-06	2.095188e-05	1.311536e-05	1.542593e-05	2.362527e-05	4.949317e-05	9.998750e-01
1.740000e+01	1.955433e-03	1.058438e-05	7.235520e-06	5.153631e-06	2.016249e-05	1.371287e-05	1.516476e-05	2.297353e-05	4.904012e-05	9.998749e-01
1.750000e+01	1.955433e-03	1.031590e-05	7.421500e-06	5.161921e-06	1.982292e-05	1.415165e-05	1.539091e-05	2.289932e-05	4.936549e-05	9.998749e-01
1.760000e+01	1.955433e-03	1.013981e-05	7.369297e-06	5.198766e-06	1.913152e-05	1.372003e-05	1.506482e-05	2.270787e-05	4.791637e-05	9.998747e-01
1.770000e+01	1.955433e-03	1.007499e-05	7.209815e-06	5.031316e-06	1.915984e-05	1.349106e-05	1.461047e-05	2.231612e-05	4.726137e-05	9.998742e-01
1.780000e+01	1.955433e-03	1.067975e-05	7.576203e-06	5.137171e-06	2.032903e-05	1.421501e-05	1.491122e-05	2.339313e-05	4.945526e-05	9.998736e-01
1.790000e+01	1.955433e-03	1.124837e-05	8.071564e-06	5.199265e-06	2.150851e-05	1.526495e-05	1.517557e-05	2.451920e-05	5.194902e-05	9.998726e-01
1.800000e+01	1.955433e-03	1.165079e-05	8.464208e-06	5.180314e-06	2.252527e-05	1.614889e-05	1.530926e-05	2.529531e-05	5.398342e-05	9.998711e-01
1.810000e+01	1.955433e-03	1.188610e-05	8.609519e-06	5.174594e-06	2.289825e-05	1.626788e-05	1.526235e-05	2.567021e-05	5.442847e-05	9.998699e-01
1.820000e+01	1.955433e-03	1.201257e-05	8.538980e-06	5.211845e-06	2.284104e-05	1.586167e-05	1.516749e-05	2.576339e-05	5.387020e-05	9.998690e-01
1.830000e+01	1.955433e-03	1.177582e-05	8.154036e-06	5.132815e-06	2.246496e-05	1.522178e-05	1.506513e-05	2.506267e-05	5.275187e-05	9.998687e-01
1.840000e+01	1.955433e-03	1.195811e-05	8.081125e-06	5.263536e-06	2.262302e-05	1.503948e-05	1.530271e-05	2.530277e-05	5.296522e-05	9.998687e-01
1.850000e+01	1.955433e-03	1.165714e-05	7.638530e-06	5.231519e-06	2.205017e-05	1.425349e-05	1.524256e-05	2.452719e-05	5.154622e-05	9.998687e-01
1.860000e+01	1.955433e-03	1.158339e-05	7.397280e-06	5.251907e-06	2.201586e-05	1.393239e-05	1.534927e-05	2.423258e-05	5.129751e-05	9.998684e-01
1.870000e+01	1.955433e-03	1.172991e-05	7.607929e-06	5.351772e-06	2.213475e-05	1.438911e-05	1.546164e-05	2.468961e-05	5.198551e-05	9.998672e-01
1.880000e+01	1.955433e-03	1.107598e-05	7.458485e-06	5.151415e-06	2.101118e-05	1.426087e-05	1.506010e-05	2.368588e-05	5.033215e-05	9.998669e-01
1.890000e+01	1.955433e-03	1.137124e-05	7.728572e-06	5.393121e-06	2.153599e-05	1.469236e-05	1.571250e-05	2.449293e-05	5.194085e-05	9.998667e-01
1.900000e+01	1.955433e-03	1.127415e-05	7.649081e-06	5.358733e-06	2.124203e-05	1.443601e-05	1.540555e-05	2.428196e-05	5.108360e-05	9.998661e-01
1.910000e+01	1.955433e-03	1.158477e-05	7.855438e-06	5.452347e-06	2.198845e-05	1.494132e-05	1.580642e-05	2.489256e-05	5.273618e-05	9.998654e-01
1.920000e+01	1.955433e-03	1.123246e-05	7.501236e-06	5.372271e-06	2.117791e-05	1.411001e-05	1.551500e-05	2.410596e-05	5.080292e-05	9.998636e-01
1.930000e+01	1.955433e-03	1.138740e-05	7.574464e-06	5.385721e-06	2.158611e-05	1.432967e-05	1.562678e-05	2.434758e-05	5.154255e-05	9.998630e-01
1.940000e+01	1.955433e-03	1.167077e-05	7.737509e-06	5.502066e-06	2.201566e-05	1.453341e-05	1.590224e-05	2.491035e-05	5.245131e-05	9.998630e-01
1.950000e+01	1.955433e-03	1.169246e-05	7.778557e-06	5.483546e-06	2.200119e-05	1.457300e-05	1.581422e-05	2.495457e-05	5.238842e-05	9.998630e-01
1.960000e+01	1.955433e-03	1.111884e-05	7.417575e-06	5.167678e-06	2.109334e-05	1.397958e-05	1.504370e-05	2.370409e-05	5.011662e-05	9.998629e-01
1.970000e+01	1.955433e-03	1.086825e-05	7.239105e-06	5.050778e-06	2.064682e-05	1.365236e-05	1.472549e-05	2.315813e-05	4.902467e-05	9.998629e-01
1.980000e+01	1.955433e-03	1.069403e-05	7.091084e-06	5.151256e-06	1.984269e-05	1.306244e-05	1.462996e-05	2.293637e-05	4.753509e-05	9.998628e-01
1.990000e+01	1.955433e-03	1.043184e-05	6.925078e-06	5.195799e-06	1.953288e-05	1.290591e-05	1.489864e-05	2.255272e-05	4.733744e-05	9.998627e-01
2.000000e+01	1.955433e-03	1.063085e-05	7.175561e-06	5.448500e-06	1.994731e-05	1.344843e-05	1.563159e-05	2.325491e-05	4.902733e-05	9.998625e-01
2.010000e+01	1.955433e-03	1.058961e-05	7.372952e-06	5.553398e-06	1.991531e-05	1.388544e-05	1.601667e-05	2.351596e-05	4.981743e-05	9.998625e-01
2.020000e+01	1.955433e-03	1.058951e-05	7.590989e-06	5.530945e-06	2.008906e-05	1.442306e-05	1.610456e-05	2.371144e-05	5.061668e-05	9.998625e-01
2.030000e+01	1.955433e-03	1.067726e-05	7.844254e-06	5.433608e-06	2.016115e-05	1.480676e-05	1.570589e-05	2.395513e-05	5.067380e-05	9.998625e-01
2.040000e+01	1.955433e-03	1.082977e-05	7.975479e-06	5.199566e-06	2.067305e-05	1.517613e-05	1.510174e-05	2.400481e-05	5.095091e-05	9.998624e-01
2.050000e+01	1.955433e-03	1.093523e-05	7.973599e-06	4.991934e-06	2.118217e-05	1.536518e-05	1.475588e-05	2.390077e-05	5.130323e-05	9.998623e-01
2.060000e+01	1.955433e-03	1.117288e-05	8.027384e-06	4.951012e-06	2.170698e-05	1.549751e-05	1.466705e-05	2.415127e-05	5.187154e-05	9.998619e-01
2.070000e+01	1.955433e-03	1.137616e-05	8.030756e-06	4.901841e-06	2.221918e-05	1.555781e-05	1.455259e-05	2.430876e-05	5.232958e-05	9.998611e-01
2.080000e+01	1.955433e-03	1.193072e-05	8.296671e-06	5.158800e-06	2.293065e-05	1.581367e-05	1.504435e-05	2.538619e-05	5.378866e-05	9.998604e-01
2.090000e+01	1.955433e-03	1.210754e-05	8.450598e-06	5.281033e-06	2.295333e-05	1.594433e-05	1.514768e-05	2.583917e-05	5.404535e-05	9.998604e-01
2.100000e+01	1.955433e-03	1.205766e-05	8.549820e-06	5.252606e-06	2.294597e-05	1.624700e-05	1.518741e-05	2.586008e-05	5.438038e-05	9.998604e-01
2.110000e+01	1.955433e-03	1.204785e-05	8.470033e-06	5.322748e-06	2.256509e-05	1.581379e-05	1.509167e-05	2.584063e-05	5.347055e-05	9.998604e-01
2.120000e+01	1.955433e-03	1.198865e-05	8.177939e-06	5.204111e-06	2.257236e-05	1.534177e-05	1.474926e-05	2.537070e-05	5.266339e-05	9.998603e-01
2.130000e+01	1.955433e-03	1.209082e-05	7.885832e-06	5.304179e-06	2.273300e-05	1.476217e-05	1.508639e-05	2.528083e-05	5.258157e-05	9.998603e-01
2.140000e+01	1.955433e-03	1.203031e-05	7.545061e-06	5.420619e-06	2.267753e-05	1.423247e-05	1.547217e-05	2.499599e-05	5.238217e-05	9.998602e-01
2.150000e+01	1.955433e-03	1.156994e-05	7.152102e-06	5.367461e-06	2.172310e-05	1.356119e-05	1.523906e-05	2.408950e-05	5.052335e-05	9.998596e-01
2.160000e+01	1.955433e-03	1.163907e-05	7.143876e-06	5.576416e-06	2.167348e-05	1.348859e-05	1.569419e-05	2.435936e-05	5.085625e-05	9.998577e-01
2.170000e+01	1.955433e-03	1.180270e-05	7.230372e-06	5.864283e-06	2.145684e-05	1.333755e-05	1.604398e-05	2.489735e-05	5.083837e-05	9.998568e-01
2.180000e+01	1.955433e-03	1.171241e-05	7.241680e-06	5.901921e-06	2.145561e-05	1.346432e-05	1.630543e-05	2.485601e-05	5.122537e-05	9.998568e-01
2.190000e+01	1.955433e-03	1.153662e-05	7.308315e-06	5.823296e-06	2.136342e-05	1.372424e-05	1.631178e-05	2.466824e-05	5.139943e-05	9.998568e-01
2.200000e+01	1.955433e-03	1.073746e-05	7.022948e-06	5.376051e-06	2.002582e-05	1.327551e-05	1.518645e-05	2.313646e-05	4.848779e-05	9.998567e-01
2.210000e+01	1.955433e-03	1.033103e-05	6.981537e-06	5.187976e-06	1.929568e-05	1.320896e-05	1.471503e-05	2.250055e-05	4.721966e-05	9.998560e-01
2.220000e+01	1.955433e-03	1.003645e-05	6.919105e-06	5.031775e-06	1.882646e-05	1.311259e-05	1.426364e-05	2.198733e-05	4.620269e-05	9.998536e-01
2.230000e+01	1.955433e-03	1.039530e-05	6.982278e-06	5.292878e-06	1.972332e-05	1.320670e-05	1.528949e-05	2.267046e-05	4.821951e-05	9.998534e-01
2.240000e+01	1.955433e-03	1.088520e-05	7.088400e-06	5.696291e-06	2.074020e-05	1.335370e-05	1.651709e-05	2.366989e-05	5.061099e-05	9.998534e-01
2.250000e+01	1.955433e-03	1.076074e-05	7.314999e-06	5.568634e-06	2.058728e-05	1.399279e-05	1.614972e-05	2.364437e-05	5.072978e-05	9.998533e-01
2.260000e+01	1.955433e-03	1.044146e-05	7.628346e-06	5.275818e-06	1.991438e-05	1.464797e-05	1.523141e-05	2.334563e-05	4.979376e-05	9.998533e-01
2.270000e+01	1.955433e-03	9.968657e-06	7.513319e-06	4.988059e-06	1.877571e-05	1.411580e-05	1.425173e-05	2.247004e-05	4.714324e-05	9.998532e-01
2.280000e+01	1.955433e-03	9.949212e-06	7.271296e-06	5.025813e-06	1.887837e-05	1.359639e-05	1.454651e-05	2.224632e-05	4.702128e-05	9.998531e-01
2.290000e+01	1.955433e-03	1.041937e-05	7.436314e-06	5.290832e-06	1.975092e-05	1.395219e-05	1.525231e-05	2.314651e-05	4.895542e-05	9.998531e-01
2.300000e+01	1.955433e-03	1.107762e-05	7.917386e-06	5.470796e-06	2.095038e-05	1.496422e-05	1.565252e-05	2.446580e-05	5.156712e-05	9.998531e-01
2.310000e+01	1.955433e-03	1.149403e-05	8.292516e-06	5.525145e-06	2.142165e-05	1.546174e-05	1.555176e-05	2.531169e-05	5.243515e-05	9.998530e-01
2.320000e+01	1.955433e-03	1.141897e-05	8.112145e-06	5.188066e-06	2.131069e-05	1.499566e-05	1.460998e-05	2.471918e-05	5.091633e-05	9.998530e-01
2.330000e+01	1.955433e-03	1.168558e-05	7.862409e-06	5.162546e-06	2.196567e-05	1.444119e-05	1.470421e-05	2.471054e-05	5.111107e-05	9.998530e-01
2.340000e+01	1.955433e-03	1.168072e-05	7.460774e-06	5.213504e-06	2.216698e-05	1.381938e-05	1.510187e-05	2.435500e-05	5.108823e-05	9.998529e-01
2.350000e+01	1.955433e-03	1.115154e-05	7.076141e-06	5.147112e-06	2.108762e-05	1.320860e-05	1.485122e-05	2.337479e-05	4.914745e-05	9.998529e-01
2.360000e+01	1.955433e-03	1.098696e-05	7.330243e-06	5.197144e-06	2.083145e-05	1.391319e-05	1.502531e-05	2.351435e-05	4.976995e-05	9.998527e-01
2.370000e+01	1.955433e-03	1.038578e-05	7.297253e-06	5.034498e-06	1.971568e-05	1.390430e-05	1.458843e-05	2.271753e-05	4.820841e-05	9.998525e-01
2.380000e+01	1.955433e-03	1.070140e-05	7.688924e-06	5.221241e-06	2.052203e-05	1.474849e-05	1.529443e-05	2.361157e-05	5.056496e-05	9.998522e-01
2.390000e+01	1.955433e-03	1.091019e-05	7.874792e-06	5.341088e-06	2.070874e-05	1.491645e-05	1.543220e-05	2.412607e-05	5.105739e-05	9.998518e-01
2.400000e+01	1.955433e-03	1.136022e-05	8.230125e-06	5.284083e-06	2.155583e-05	1.562805e-05	1.514215e-05	2.487443e-05	5.232603e-05	9.998510e-01
2.410000e+01	1.955433e-03	1.157934e-05	8.259765e-06	5.171247e-06	2.193413e-05	1.559527e-05	1.485957e-05	2.501036e-05	5.238897e-05	9.998507e-01
2.420000e+01	1.955433e-03	1.186453e-05	7.934779e-06	5.155701e-06	2.249019e-05	1.482682e-05	1.477735e-05	2.495501e-05	5.209437e-05	9.998507e-01
2.430000e+01	1.955433e-03	1.183027e-05	7.384358e-06	5.179393e-06	2.253220e-05	1.383255e-05	1.503107e-05	2.439402e-05	5.139582e-05	9.998507e-01
2.440000e+01	1.955433e-03	1.157081e-05	7.189725e-06	5.218926e-06	2.212657e-05	1.367953e-05	1.529180e-05	2.397946e-05	5.109790e-05	9.998503e-01
2.450000e+01	1.955433e-03	1.059828e-05	6.870223e-06	5.037852e-06	1.995135e-05	1.307293e-05	1.456622e-05	2.250636e-05	4.759050e-05	9.998493e-01
2.460000e+01	1.955433e-03	1.080031e-05	7.358195e-06	5.343085e-06	2.011443e-05	1.391390e-05	1.525650e-05	2.350159e-05	4.928483e-05	9.998476e-01
2.470000e+01	1.955433e-03	1.092606e-05	7.701940e-06	5.445617e-06	2.049202e-05	1.458487e-05	1.563037e-05	2.407362e-05	5.070726e-05	9.998473e-01
2.480000e+01	1.955433e-03	1.119667e-05	7.852515e-06	5.379259e-06	2.113000e-05	1.483138e-05	1.542804e-05	2.442844e-05	5.138943e-05	9.998473e-01
2.490000e+01	1.955433e-03	1.149081e-05	7.864393e-06	5.263802e-06	2.216081e-05	1.506517e-05	1.549422e-05	2.461901e-05	5.272020e-05	9.998473e-01
2.500000e+01	1.955433e-03	1.150279e-05	7.692419e-06	5.136544e-06	2.196701e-05	1.458582e-05	1.493981e-05	2.433176e-05	5.149264e-05	9.998472e-01
2.510000e+01	1.955433e-03	1.137553e-05	7.546405e-06	5.133530e-06	2.148551e-05	1.419519e-05	1.478436e-05	2.405546e-05	5.046507e-05	9.998472e-01
