t[i]	area	mfluxbint	alphabint/area	mfluxgint	alphagint/are1.000000e-01	1.955433e-03	0.000000e+00	0.000000e+00	1.548426e+01	1.000000e+00
2.000000e-01	1.955433e-03	0.000000e+00	0.000000e+00	1.538845e+01	1.000000e+00
3.000000e-01	1.955433e-03	0.000000e+00	0.000000e+00	1.516731e+01	1.000000e+00
4.000000e-01	1.955433e-03	0.000000e+00	0.000000e+00	1.504515e+01	1.000000e+00
5.000000e-01	1.955433e-03	0.000000e+00	0.000000e+00	1.517262e+01	1.000000e+00
6.000000e-01	1.955433e-03	0.000000e+00	0.000000e+00	1.504057e+01	1.000000e+00
7.000000e-01	1.955433e-03	0.000000e+00	0.000000e+00	1.515603e+01	1.000000e+00
8.000000e-01	1.955433e-03	1.511187e-41	9.692417e-41	1.508386e+01	1.000000e+00
9.000000e-01	1.955433e-03	1.189055e-24	8.471759e-24	1.525741e+01	1.000000e+00
1.000000e+00	1.955433e-03	2.153648e-20	2.570120e-19	1.526225e+01	1.000000e+00
1.100000e+00	1.955433e-03	2.967648e-20	1.261381e-18	1.515530e+01	1.000000e+00
1.200000e+00	1.955433e-03	-5.084566e-20	1.839215e-18	1.535941e+01	1.000000e+00
1.300000e+00	1.955433e-03	-1.270311e-19	2.154723e-18	1.568762e+01	1.000000e+00
1.400000e+00	1.955433e-03	-1.654769e-19	2.506219e-18	1.613393e+01	1.000000e+00
1.500000e+00	1.955433e-03	-3.360719e-19	6.159861e-18	1.608224e+01	1.000000e+00
1.600000e+00	1.955433e-03	-2.892387e-19	1.274365e-17	1.620262e+01	1.000000e+00
1.700000e+00	1.955433e-03	-8.291782e-19	1.961769e-17	1.638363e+01	1.000000e+00
1.800000e+00	1.955433e-03	-2.140211e-18	3.127544e-17	1.672166e+01	1.000000e+00
1.900000e+00	1.955433e-03	-2.860616e-18	4.100244e-17	1.702986e+01	1.000000e+00
2.000000e+00	1.955433e-03	-4.264132e-18	5.730373e-17	1.728430e+01	1.000000e+00
2.100000e+00	1.955433e-03	-3.734793e-18	7.714721e-17	1.738046e+01	1.000000e+00
2.200000e+00	1.955433e-03	-4.312501e-18	9.269872e-17	1.744121e+01	1.000000e+00
2.300000e+00	1.955433e-03	-7.401722e-18	1.160722e-16	1.741270e+01	1.000000e+00
2.400000e+00	1.955433e-03	-1.020464e-17	1.402285e-16	1.761846e+01	1.000000e+00
2.500000e+00	1.955433e-03	-1.041505e-17	1.703502e-16	1.786097e+01	1.000000e+00
2.600000e+00	1.955433e-03	-7.525693e-18	2.198928e-16	1.802509e+01	1.000000e+00
2.700000e+00	1.955433e-03	-5.868196e-18	2.848940e-16	1.815843e+01	1.000000e+00
2.800000e+00	1.955433e-03	-2.412081e-17	3.561472e-16	1.767735e+01	1.000000e+00
2.900000e+00	1.955433e-03	-3.859932e-17	4.215030e-16	1.790051e+01	1.000000e+00
3.000000e+00	1.955433e-03	-3.759181e-17	5.058248e-16	1.804866e+01	1.000000e+00
3.100000e+00	1.955433e-03	-3.441510e-17	6.124820e-16	1.776957e+01	1.000000e+00
3.200000e+00	1.955433e-03	-3.628067e-17	7.198309e-16	1.803567e+01	1.000000e+00
3.300000e+00	1.955433e-03	-4.586169e-17	8.080682e-16	1.797244e+01	1.000000e+00
3.400000e+00	1.955433e-03	-5.538198e-17	9.225168e-16	1.814016e+01	1.000000e+00
3.500000e+00	1.955433e-03	-5.072862e-17	1.099826e-15	1.863370e+01	1.000000e+00
3.600000e+00	1.955433e-03	-6.539386e-17	1.271549e-15	1.767073e+01	1.000000e+00
3.700000e+00	1.955433e-03	-8.822355e-17	1.490134e-15	1.806109e+01	1.000000e+00
3.800000e+00	1.955433e-03	-1.031013e-16	1.720584e-15	1.816292e+01	1.000000e+00
3.900000e+00	1.955433e-03	-9.724604e-17	1.967722e-15	1.810191e+01	1.000000e+00
4.000000e+00	1.955433e-03	-1.190962e-16	2.207688e-15	1.812116e+01	1.000000e+00
4.100000e+00	1.955433e-03	-1.319021e-16	2.485195e-15	1.772103e+01	1.000000e+00
4.200000e+00	1.955433e-03	-1.745449e-16	2.818348e-15	1.840554e+01	1.000000e+00
4.300000e+00	1.955433e-03	-2.042819e-16	3.224282e-15	1.833503e+01	1.000000e+00
4.400000e+00	1.955433e-03	-2.137148e-16	3.571771e-15	1.828376e+01	1.000000e+00
4.500000e+00	1.955433e-03	-1.540893e-16	4.097695e-15	1.817010e+01	1.000000e+00
4.600000e+00	1.955433e-03	-1.365824e-16	4.717213e-15	1.843256e+01	1.000000e+00
4.700000e+00	1.955433e-03	-4.226035e-16	5.584846e-15	1.854098e+01	1.000000e+00
4.800000e+00	1.955433e-03	-5.881569e-16	6.277328e-15	1.823736e+01	1.000000e+00
4.900000e+00	1.955433e-03	-4.594641e-16	7.048112e-15	1.831023e+01	1.000000e+00
5.000000e+00	1.955433e-03	-5.195130e-16	7.873047e-15	1.828958e+01	1.000000e+00
5.100000e+00	1.955433e-03	-7.765666e-16	8.912662e-15	1.839686e+01	1.000000e+00
5.200000e+00	1.955433e-03	-8.949874e-16	9.836557e-15	1.748360e+01	1.000000e+00
5.300000e+00	1.955433e-03	-9.389493e-16	1.049763e-14	1.843995e+01	1.000000e+00
5.400000e+00	1.955433e-03	-1.008469e-15	1.152909e-14	1.874850e+01	1.000000e+00
5.500000e+00	1.955433e-03	-8.401396e-16	1.283758e-14	1.838293e+01	1.000000e+00
5.600000e+00	1.955433e-03	-1.177648e-15	1.410681e-14	1.863273e+01	1.000000e+00
5.700000e+00	1.955433e-03	-1.424826e-15	1.532275e-14	1.853385e+01	1.000000e+00
5.800000e+00	1.955433e-03	-1.360334e-15	1.665143e-14	1.868471e+01	1.000000e+00
5.900000e+00	1.955433e-03	-1.132670e-15	1.824884e-14	1.850261e+01	1.000000e+00
6.000000e+00	1.955433e-03	-1.312340e-15	1.964682e-14	1.861636e+01	1.000000e+00
6.100000e+00	1.955433e-03	-1.327795e-15	2.101449e-14	1.868682e+01	1.000000e+00
6.200000e+00	1.955433e-03	-1.253824e-15	2.243457e-14	1.810426e+01	1.000000e+00
6.300000e+00	1.955433e-03	-1.840111e-15	2.418506e-14	1.814792e+01	1.000000e+00
6.400000e+00	1.955433e-03	-2.238646e-15	2.591063e-14	1.844446e+01	1.000000e+00
6.500000e+00	1.955433e-03	-2.156986e-15	2.750623e-14	1.857176e+01	1.000000e+00
6.600000e+00	1.955433e-03	-1.433397e-15	2.919037e-14	1.862223e+01	1.000000e+00
6.700000e+00	1.955433e-03	-1.885794e-15	3.120280e-14	1.889393e+01	1.000000e+00
6.800000e+00	1.955433e-03	-2.332484e-15	3.347852e-14	1.844017e+01	1.000000e+00
6.900000e+00	1.955433e-03	-2.928061e-15	3.554372e-14	1.868465e+01	1.000000e+00
7.000000e+00	1.955433e-03	-3.693242e-15	3.779122e-14	1.824299e+01	1.000000e+00
7.100000e+00	1.955433e-03	-3.624287e-15	4.000363e-14	1.880339e+01	1.000000e+00
7.200000e+00	1.955433e-03	-3.860465e-15	4.227020e-14	1.854432e+01	1.000000e+00
7.300000e+00	1.955433e-03	-3.671960e-15	4.486555e-14	1.882873e+01	1.000000e+00
7.400000e+00	1.955433e-03	-3.759653e-15	4.707189e-14	1.848499e+01	1.000000e+00
7.500000e+00	1.955433e-03	-4.235493e-15	4.951222e-14	1.842121e+01	1.000000e+00
7.600000e+00	1.955433e-03	-4.241886e-15	5.196414e-14	1.818131e+01	1.000000e+00
7.700000e+00	1.955433e-03	-4.424454e-15	5.431843e-14	1.839047e+01	1.000000e+00
7.800000e+00	1.955433e-03	-3.966460e-15	5.691177e-14	1.838619e+01	1.000000e+00
7.900000e+00	1.955433e-03	-4.355032e-15	5.956855e-14	1.879215e+01	1.000000e+00
8.000000e+00	1.955433e-03	-4.680550e-15	6.238237e-14	1.852347e+01	1.000000e+00
8.100000e+00	1.955433e-03	-5.194334e-15	6.538904e-14	1.849200e+01	1.000000e+00
8.200000e+00	1.955433e-03	-5.861171e-15	6.854037e-14	1.852799e+01	1.000000e+00
8.300000e+00	1.955433e-03	-4.776022e-15	7.158520e-14	1.839728e+01	1.000000e+00
8.400000e+00	1.955433e-03	-4.588865e-15	7.452366e-14	1.853105e+01	1.000000e+00
8.500000e+00	1.955433e-03	-6.301951e-15	7.768918e-14	1.826476e+01	1.000000e+00
8.600000e+00	1.955433e-03	-4.859633e-15	8.061808e-14	1.855488e+01	1.000000e+00
8.700000e+00	1.955433e-03	-3.324113e-15	8.319162e-14	1.876829e+01	1.000000e+00
8.800000e+00	1.955433e-03	-7.089647e-15	8.668835e-14	1.842028e+01	1.000000e+00
8.900000e+00	1.955433e-03	-8.874120e-15	9.024062e-14	1.845783e+01	1.000000e+00
9.000000e+00	1.955433e-03	-8.965344e-15	9.313760e-14	1.873360e+01	1.000000e+00
9.100000e+00	1.955433e-03	-7.975651e-15	9.662147e-14	1.844736e+01	1.000000e+00
9.200000e+00	1.955433e-03	-8.256649e-15	1.004057e-13	1.844007e+01	1.000000e+00
9.300000e+00	1.955433e-03	-1.030654e-14	1.037016e-13	1.849591e+01	1.000000e+00
9.400000e+00	1.955433e-03	-1.000564e-14	1.066130e-13	1.824585e+01	1.000000e+00
9.500000e+00	1.955433e-03	-1.170861e-14	1.095040e-13	1.815580e+01	1.000000e+00
9.600000e+00	1.955433e-03	-1.160474e-14	1.126922e-13	1.832579e+01	1.000000e+00
9.700000e+00	1.955433e-03	-1.182349e-14	1.155010e-13	1.867307e+01	1.000000e+00
9.800000e+00	1.955433e-03	-1.203491e-14	1.185417e-13	1.843171e+01	1.000000e+00
9.900000e+00	1.955433e-03	-1.182019e-14	1.214470e-13	1.863548e+01	1.000000e+00
1.000000e+01	1.955433e-03	-1.292698e-14	1.243271e-13	1.837459e+01	1.000000e+00
1.010000e+01	1.955433e-03	-1.281093e-14	1.272430e-13	1.834028e+01	1.000000e+00
1.020000e+01	1.955433e-03	-1.282612e-14	1.301125e-13	1.878694e+01	1.000000e+00
1.030000e+01	1.955433e-03	-1.297842e-14	1.332603e-13	1.891091e+01	1.000000e+00
1.040000e+01	1.955433e-03	-1.343507e-14	1.360525e-13	1.863544e+01	1.000000e+00
1.050000e+01	1.955433e-03	-1.208809e-14	1.392323e-13	1.872330e+01	1.000000e+00
1.060000e+01	1.955433e-03	-9.724970e-15	1.422341e-13	1.886356e+01	1.000000e+00
1.070000e+01	1.955433e-03	-1.260282e-14	1.451760e-13	1.904543e+01	1.000000e+00
1.080000e+01	1.955433e-03	-1.533695e-14	1.484143e-13	1.867285e+01	1.000000e+00
1.090000e+01	1.955433e-03	-1.349971e-14	1.515240e-13	1.877693e+01	1.000000e+00
1.100000e+01	1.955433e-03	-1.044156e-14	1.549761e-13	1.854507e+01	1.000000e+00
1.110000e+01	1.955433e-03	-9.325079e-15	1.587171e-13	1.841028e+01	1.000000e+00
1.120000e+01	1.955433e-03	-1.504086e-14	1.623741e-13	1.806018e+01	1.000000e+00
1.130000e+01	1.955433e-03	-1.752296e-14	1.655947e-13	1.850417e+01	1.000000e+00
1.140000e+01	1.955433e-03	-1.480676e-14	1.682227e-13	1.885142e+01	1.000000e+00
1.150000e+01	1.955433e-03	-1.297949e-14	1.720676e-13	1.843186e+01	1.000000e+00
1.160000e+01	1.955433e-03	-1.342696e-14	1.763021e-13	1.826459e+01	1.000000e+00
1.170000e+01	1.955433e-03	-1.060293e-14	1.795774e-13	1.871268e+01	1.000000e+00
1.180000e+01	1.955433e-03	-1.094983e-14	1.825583e-13	1.936406e+01	1.000000e+00
1.190000e+01	1.955433e-03	-1.712938e-14	1.861216e-13	1.868436e+01	1.000000e+00
1.200000e+01	1.955433e-03	-1.815676e-14	1.900916e-13	1.818622e+01	1.000000e+00
1.210000e+01	1.955433e-03	-1.483995e-14	1.938672e-13	1.829910e+01	1.000000e+00
1.220000e+01	1.955433e-03	-1.427342e-14	1.979470e-13	1.863318e+01	1.000000e+00
1.230000e+01	1.955433e-03	-1.747532e-14	2.022274e-13	1.864042e+01	1.000000e+00
1.240000e+01	1.955433e-03	-1.299787e-14	2.051608e-13	1.819390e+01	1.000000e+00
1.250000e+01	1.955433e-03	-1.787703e-14	2.082248e-13	1.864863e+01	1.000000e+00
1.260000e+01	1.955433e-03	-2.407728e-14	2.124629e-13	1.842624e+01	1.000000e+00
1.270000e+01	1.955433e-03	-2.513641e-14	2.163228e-13	1.831008e+01	1.000000e+00
1.280000e+01	1.955433e-03	-2.345826e-14	2.202850e-13	1.863760e+01	1.000000e+00
1.290000e+01	1.955433e-03	-2.526422e-14	2.243200e-13	1.861230e+01	1.000000e+00
1.300000e+01	1.955433e-03	-2.402804e-14	2.281549e-13	1.841825e+01	1.000000e+00
1.310000e+01	1.955433e-03	-2.418468e-14	2.314271e-13	1.871296e+01	1.000000e+00
1.320000e+01	1.955433e-03	-1.883404e-14	2.347584e-13	1.840275e+01	1.000000e+00
1.330000e+01	1.955433e-03	-2.016495e-14	2.383390e-13	1.844467e+01	1.000000e+00
1.340000e+01	1.955433e-03	-2.483194e-14	2.412037e-13	1.853720e+01	1.000000e+00
1.350000e+01	1.955433e-03	-2.407537e-14	2.440505e-13	1.861786e+01	1.000000e+00
1.360000e+01	1.955433e-03	-2.796545e-14	2.484472e-13	1.855339e+01	1.000000e+00
1.370000e+01	1.955433e-03	-2.737802e-14	2.529295e-13	1.862393e+01	1.000000e+00
1.380000e+01	1.955433e-03	-2.645004e-14	2.576888e-13	1.824257e+01	1.000000e+00
1.390000e+01	1.955433e-03	-3.100629e-14	2.621232e-13	1.855492e+01	1.000000e+00
1.400000e+01	1.955433e-03	-3.065154e-14	2.658212e-13	1.868278e+01	1.000000e+00
1.410000e+01	1.955433e-03	-2.521020e-14	2.696746e-13	1.836968e+01	1.000000e+00
1.420000e+01	1.955433e-03	-2.481165e-14	2.735533e-13	1.833652e+01	1.000000e+00
1.430000e+01	1.955433e-03	-3.237421e-14	2.775044e-13	1.847710e+01	1.000000e+00
1.440000e+01	1.955433e-03	-3.673587e-14	2.813881e-13	1.854047e+01	1.000000e+00
1.450000e+01	1.955433e-03	-3.498727e-14	2.852008e-13	1.825522e+01	1.000000e+00
1.460000e+01	1.955433e-03	-2.976910e-14	2.899737e-13	1.875315e+01	1.000000e+00
1.470000e+01	1.955433e-03	-2.340197e-14	2.947694e-13	1.856335e+01	1.000000e+00
1.480000e+01	1.955433e-03	-2.403624e-14	2.989897e-13	1.828192e+01	1.000000e+00
1.490000e+01	1.955433e-03	-3.100473e-14	3.027618e-13	1.825880e+01	1.000000e+00
1.500000e+01	1.955433e-03	-3.108927e-14	3.067616e-13	1.854451e+01	1.000000e+00
1.510000e+01	1.955433e-03	-2.741094e-14	3.109258e-13	1.885859e+01	1.000000e+00
1.520000e+01	1.955433e-03	-2.862351e-14	3.149066e-13	1.812174e+01	1.000000e+00
1.530000e+01	1.955433e-03	-3.270026e-14	3.188163e-13	1.855182e+01	1.000000e+00
1.540000e+01	1.955433e-03	-3.328423e-14	3.224371e-13	1.825036e+01	1.000000e+00
1.550000e+01	1.955433e-03	-3.162440e-14	3.257826e-13	1.841780e+01	1.000000e+00
1.560000e+01	1.955433e-03	-3.333373e-14	3.305731e-13	1.843009e+01	1.000000e+00
1.570000e+01	1.955433e-03	-3.592650e-14	3.360136e-13	1.833213e+01	1.000000e+00
1.580000e+01	1.955433e-03	-3.393579e-14	3.402925e-13	1.862139e+01	1.000000e+00
1.590000e+01	1.955433e-03	-2.805753e-14	3.442865e-13	1.858573e+01	1.000000e+00
1.600000e+01	1.955433e-03	-1.879116e-14	3.483313e-13	1.810156e+01	1.000000e+00
1.610000e+01	1.955433e-03	-2.880086e-14	3.518965e-13	1.810378e+01	1.000000e+00
1.620000e+01	1.955433e-03	-3.113077e-14	3.560645e-13	1.849166e+01	1.000000e+00
1.630000e+01	1.955433e-03	-4.062433e-14	3.583908e-13	1.871865e+01	1.000000e+00
1.640000e+01	1.955433e-03	-4.656079e-14	3.638230e-13	1.846021e+01	1.000000e+00
1.650000e+01	1.955433e-03	-4.188946e-14	3.695612e-13	1.862943e+01	1.000000e+00
1.660000e+01	1.955433e-03	-4.450335e-14	3.752346e-13	1.809683e+01	1.000000e+00
1.670000e+01	1.955433e-03	-4.179491e-14	3.788990e-13	1.830509e+01	1.000000e+00
1.680000e+01	1.955433e-03	-4.762246e-14	3.811560e-13	1.887357e+01	1.000000e+00
1.690000e+01	1.955433e-03	-5.341748e-14	3.841518e-13	1.815713e+01	1.000000e+00
1.700000e+01	1.955433e-03	-4.563898e-14	3.881763e-13	1.846430e+01	1.000000e+00
1.710000e+01	1.955433e-03	-4.010820e-14	3.928917e-13	1.841487e+01	1.000000e+00
1.720000e+01	1.955433e-03	-4.467121e-14	3.977331e-13	1.859754e+01	1.000000e+00
1.730000e+01	1.955433e-03	-4.663582e-14	4.003981e-13	1.849450e+01	1.000000e+00
1.740000e+01	1.955433e-03	-5.373325e-14	4.027172e-13	1.875334e+01	1.000000e+00
1.750000e+01	1.955433e-03	-5.324931e-14	4.082310e-13	1.886812e+01	1.000000e+00
1.760000e+01	1.955433e-03	-4.582148e-14	4.138338e-13	1.879418e+01	1.000000e+00
1.770000e+01	1.955433e-03	-3.695978e-14	4.194024e-13	1.856015e+01	1.000000e+00
1.780000e+01	1.955433e-03	-4.376666e-14	4.241438e-13	1.847093e+01	1.000000e+00
1.790000e+01	1.955433e-03	-5.466129e-14	4.269495e-13	1.830333e+01	1.000000e+00
1.800000e+01	1.955433e-03	-5.914941e-14	4.295405e-13	1.884604e+01	1.000000e+00
1.810000e+01	1.955433e-03	-6.098121e-14	4.330345e-13	1.853770e+01	1.000000e+00
1.820000e+01	1.955433e-03	-5.542641e-14	4.367451e-13	1.864346e+01	1.000000e+00
1.830000e+01	1.955433e-03	-4.978502e-14	4.430224e-13	1.841401e+01	1.000000e+00
1.840000e+01	1.955433e-03	-4.680922e-14	4.489720e-13	1.819744e+01	1.000000e+00
1.850000e+01	1.955433e-03	-4.940948e-14	4.535787e-13	1.810826e+01	1.000000e+00
1.860000e+01	1.955433e-03	-5.315678e-14	4.578508e-13	1.845406e+01	1.000000e+00
1.870000e+01	1.955433e-03	-4.675047e-14	4.610609e-13	1.854638e+01	1.000000e+00
1.880000e+01	1.955433e-03	-3.845940e-14	4.655441e-13	1.831403e+01	1.000000e+00
1.890000e+01	1.955433e-03	-5.166253e-14	4.704396e-13	1.861980e+01	1.000000e+00
1.900000e+01	1.955433e-03	-6.043528e-14	4.755474e-13	1.856422e+01	1.000000e+00
1.910000e+01	1.955433e-03	-5.685450e-14	4.776627e-13	1.884268e+01	1.000000e+00
1.920000e+01	1.955433e-03	-5.504734e-14	4.828327e-13	1.803752e+01	1.000000e+00
1.930000e+01	1.955433e-03	-6.033407e-14	4.888886e-13	1.857919e+01	1.000000e+00
1.940000e+01	1.955433e-03	-5.753681e-14	4.936185e-13	1.838277e+01	1.000000e+00
1.950000e+01	1.955433e-03	-4.909091e-14	4.966569e-13	1.846025e+01	1.000000e+00
1.960000e+01	1.955433e-03	-5.560905e-14	5.003297e-13	1.769187e+01	1.000000e+00
1.970000e+01	1.955433e-03	-5.476391e-14	5.036643e-13	1.867018e+01	1.000000e+00
1.980000e+01	1.955433e-03	-5.645854e-14	5.059463e-13	1.873491e+01	1.000000e+00
1.990000e+01	1.955433e-03	-6.205863e-14	5.116330e-13	1.891659e+01	1.000000e+00
2.000000e+01	1.955433e-03	-5.726002e-14	5.178888e-13	1.805554e+01	1.000000e+00
2.010000e+01	1.955433e-03	-4.798947e-14	5.230010e-13	1.824085e+01	1.000000e+00
2.020000e+01	1.955433e-03	-4.916286e-14	5.268800e-13	1.850610e+01	1.000000e+00
2.030000e+01	1.955433e-03	-5.405521e-14	5.299402e-13	1.819283e+01	1.000000e+00
2.040000e+01	1.955433e-03	-5.022053e-14	5.322032e-13	1.852029e+01	1.000000e+00
2.050000e+01	1.955433e-03	-5.980566e-14	5.365408e-13	1.841862e+01	1.000000e+00
2.060000e+01	1.955433e-03	-6.611496e-14	5.419763e-13	1.888069e+01	1.000000e+00
2.070000e+01	1.955433e-03	-6.989587e-14	5.454952e-13	1.848242e+01	1.000000e+00
2.080000e+01	1.955433e-03	-7.753281e-14	5.503787e-13	1.888830e+01	1.000000e+00
2.090000e+01	1.955433e-03	-7.699028e-14	5.557269e-13	1.830979e+01	1.000000e+00
2.100000e+01	1.955433e-03	-6.135685e-14	5.603952e-13	1.878869e+01	1.000000e+00
2.110000e+01	1.955433e-03	-5.747297e-14	5.656464e-13	1.803599e+01	1.000000e+00
2.120000e+01	1.955433e-03	-6.639966e-14	5.706473e-13	1.836214e+01	1.000000e+00
2.130000e+01	1.955433e-03	-6.660374e-14	5.727937e-13	1.861501e+01	1.000000e+00
