t[i]	area	sgcmfluxint	sghmfluxint	sglmfluxint	trcmfluxint	trhmfluxint	trlmfluxint	mflux_sg_tot	mflux_tr_tot	alphaint/area
1.000000e-01	1.955433e-03	0.000000e+00	0.000000e+00	0.000000e+00	0.000000e+00	0.000000e+00	0.000000e+00	0.000000e+00	0.000000e+00	1.000000e+00
2.000000e-01	1.955433e-03	0.000000e+00	0.000000e+00	0.000000e+00	0.000000e+00	0.000000e+00	0.000000e+00	0.000000e+00	0.000000e+00	1.000000e+00
3.000000e-01	1.955433e-03	3.696688e-33	2.325919e-31	1.155008e-35	8.086642e-33	7.203742e-31	6.597183e-35	2.363002e-31	7.285268e-31	1.000000e+00
4.000000e-01	1.955433e-03	9.737418e-24	4.496264e-22	1.910615e-26	2.204794e-23	1.390282e-21	9.557781e-26	4.593829e-22	1.412425e-21	1.000000e+00
5.000000e-01	1.955433e-03	7.896323e-17	3.183847e-15	1.347465e-19	1.678626e-16	9.130624e-15	5.765501e-19	3.262945e-15	9.299063e-15	1.000000e+00
6.000000e-01	1.955433e-03	4.527712e-12	1.775355e-10	7.816363e-15	8.747926e-12	4.563227e-10	2.859455e-14	1.820710e-10	4.650992e-10	1.000000e+00
7.000000e-01	1.955433e-03	2.367847e-10	9.407538e-09	4.338667e-13	4.057429e-10	2.097367e-08	1.322537e-12	9.644757e-09	2.138073e-08	1.000000e+00
8.000000e-01	1.955433e-03	6.323482e-10	2.555556e-08	1.219917e-12	9.670139e-10	4.985876e-08	3.155044e-12	2.618913e-08	5.082893e-08	1.000000e+00
9.000000e-01	1.955433e-03	7.367317e-10	3.037178e-08	1.490791e-12	1.016981e-09	5.289152e-08	3.385336e-12	3.111000e-08	5.391188e-08	1.000000e+00
1.000000e+00	1.955433e-03	7.157819e-10	3.076026e-08	1.582663e-12	9.429877e-10	5.251592e-08	3.686939e-12	3.147762e-08	5.346259e-08	1.000000e+00
1.100000e+00	1.955433e-03	1.073515e-09	4.564179e-08	3.089293e-12	1.463304e-09	8.418426e-08	8.948160e-12	4.671840e-08	8.565652e-08	1.000000e+00
1.200000e+00	1.955433e-03	7.773729e-09	2.546970e-07	3.831880e-11	1.099818e-08	5.099819e-07	1.311083e-10	2.625090e-07	5.211112e-07	1.000000e+00
1.300000e+00	1.955433e-03	3.307481e-08	8.356039e-07	2.042735e-10	4.636218e-08	1.611978e-06	6.863900e-10	8.688830e-07	1.659027e-06	1.000000e+00
1.400000e+00	1.955433e-03	1.321863e-07	2.545367e-06	9.660099e-10	1.814638e-07	4.714255e-06	3.022081e-09	2.678519e-06	4.898741e-06	1.000000e+00
1.500000e+00	1.955433e-03	3.273948e-07	4.615459e-06	2.863701e-09	4.549269e-07	8.197591e-06	8.689103e-09	4.945717e-06	8.661207e-06	1.000000e+00
1.600000e+00	1.955433e-03	9.317083e-07	8.401088e-06	1.003217e-08	1.329980e-06	1.471917e-05	2.943424e-08	9.342829e-06	1.607859e-05	1.000000e+00
1.700000e+00	1.955433e-03	1.896155e-06	1.112943e-05	2.520242e-08	2.782354e-06	1.908593e-05	7.256027e-08	1.305079e-05	2.194084e-05	1.000000e+00
1.800000e+00	1.955433e-03	3.288115e-06	1.230914e-05	5.403770e-08	5.010509e-06	2.074735e-05	1.546928e-07	1.565129e-05	2.591255e-05	1.000000e+00
1.900000e+00	1.955433e-03	5.174966e-06	1.256553e-05	1.031792e-07	8.233109e-06	2.104198e-05	2.971142e-07	1.784367e-05	2.957221e-05	1.000000e+00
2.000000e+00	1.955433e-03	7.251504e-06	1.174558e-05	1.734821e-07	1.193272e-05	1.975689e-05	4.968187e-07	1.917056e-05	3.218643e-05	1.000000e+00
2.100000e+00	1.955433e-03	9.365094e-06	1.121738e-05	2.639100e-07	1.567665e-05	1.881818e-05	7.461820e-07	2.084639e-05	3.524102e-05	1.000000e+00
2.200000e+00	1.955433e-03	1.186399e-05	1.100510e-05	3.993124e-07	2.031112e-05	1.856439e-05	1.131338e-06	2.326840e-05	4.000685e-05	1.000000e+00
2.300000e+00	1.955433e-03	1.381719e-05	1.040264e-05	5.657804e-07	2.408984e-05	1.749633e-05	1.622217e-06	2.478561e-05	4.320838e-05	1.000000e+00
2.400000e+00	1.955433e-03	1.532447e-05	9.838650e-06	7.778946e-07	2.687587e-05	1.647184e-05	2.235277e-06	2.594102e-05	4.558299e-05	1.000000e+00
2.500000e+00	1.955433e-03	1.591508e-05	9.308187e-06	1.030378e-06	2.795282e-05	1.558686e-05	3.021273e-06	2.625364e-05	4.656096e-05	1.000000e+00
2.600000e+00	1.955433e-03	1.566218e-05	8.688732e-06	1.278921e-06	2.719225e-05	1.446108e-05	3.716577e-06	2.562983e-05	4.536990e-05	1.000000e+00
2.700000e+00	1.955433e-03	1.535214e-05	8.368338e-06	1.585350e-06	2.637851e-05	1.385073e-05	4.638604e-06	2.530583e-05	4.486784e-05	1.000000e+00
2.800000e+00	1.955433e-03	1.411522e-05	7.643619e-06	1.852417e-06	2.418114e-05	1.263650e-05	5.537578e-06	2.361126e-05	4.235522e-05	1.000000e+00
2.900000e+00	1.955433e-03	1.346277e-05	7.350709e-06	2.202244e-06	2.324277e-05	1.230480e-05	6.823751e-06	2.301572e-05	4.237133e-05	1.000000e+00
3.000000e+00	1.955433e-03	1.233096e-05	6.937337e-06	2.405313e-06	2.130999e-05	1.170598e-05	7.574457e-06	2.167361e-05	4.059043e-05	1.000000e+00
3.100000e+00	1.955433e-03	1.172747e-05	6.905675e-06	2.630312e-06	2.033696e-05	1.174016e-05	8.467566e-06	2.126346e-05	4.054468e-05	1.000000e+00
3.200000e+00	1.955433e-03	1.104708e-05	6.791306e-06	2.743809e-06	1.931804e-05	1.161496e-05	9.079071e-06	2.058219e-05	4.001207e-05	1.000000e+00
3.300000e+00	1.955433e-03	1.088569e-05	6.988069e-06	2.868440e-06	1.922660e-05	1.207115e-05	9.671213e-06	2.074220e-05	4.096896e-05	1.000000e+00
3.400000e+00	1.955433e-03	1.073115e-05	7.139931e-06	3.097732e-06	1.869870e-05	1.218081e-05	1.056967e-05	2.096881e-05	4.144917e-05	1.000000e+00
3.500000e+00	1.955433e-03	1.035477e-05	7.167866e-06	3.151819e-06	1.806646e-05	1.225237e-05	1.102100e-05	2.067445e-05	4.133983e-05	1.000000e+00
3.600000e+00	1.955433e-03	1.022276e-05	7.198025e-06	3.117199e-06	1.804922e-05	1.240346e-05	1.116025e-05	2.053798e-05	4.161293e-05	1.000000e+00
3.700000e+00	1.955433e-03	1.013353e-05	7.278909e-06	3.003887e-06	1.814622e-05	1.273769e-05	1.097132e-05	2.041633e-05	4.185523e-05	1.000000e+00
3.800000e+00	1.955433e-03	1.032229e-05	7.544948e-06	3.167723e-06	1.807451e-05	1.295092e-05	1.164344e-05	2.103496e-05	4.266886e-05	1.000000e+00
3.900000e+00	1.955433e-03	1.080643e-05	8.124024e-06	3.315702e-06	1.863987e-05	1.381239e-05	1.217393e-05	2.224615e-05	4.462619e-05	1.000000e+00
4.000000e+00	1.955433e-03	1.105587e-05	8.320215e-06	3.222094e-06	1.914008e-05	1.412769e-05	1.195560e-05	2.259818e-05	4.522336e-05	1.000000e+00
4.100000e+00	1.955433e-03	1.166171e-05	8.406463e-06	3.219408e-06	2.046645e-05	1.426587e-05	1.222628e-05	2.328758e-05	4.695860e-05	1.000000e+00
4.200000e+00	1.955433e-03	1.188463e-05	8.030273e-06	3.199628e-06	2.103420e-05	1.358371e-05	1.234155e-05	2.311453e-05	4.695946e-05	1.000000e+00
4.300000e+00	1.955433e-03	1.171730e-05	7.596866e-06	3.194128e-06	2.082245e-05	1.292440e-05	1.247087e-05	2.250830e-05	4.621772e-05	1.000000e+00
4.400000e+00	1.955433e-03	1.165422e-05	7.523528e-06	3.343388e-06	2.058473e-05	1.283844e-05	1.311723e-05	2.252114e-05	4.654040e-05	9.999746e-01
4.500000e+00	1.955433e-03	1.122847e-05	7.433472e-06	3.442589e-06	1.956151e-05	1.264229e-05	1.343891e-05	2.210453e-05	4.564271e-05	9.998419e-01
4.600000e+00	1.955433e-03	1.098588e-05	7.583295e-06	3.472907e-06	1.912559e-05	1.299831e-05	1.351127e-05	2.204208e-05	4.563517e-05	9.997484e-01
4.700000e+00	1.955433e-03	1.059667e-05	7.639717e-06	3.346389e-06	1.866883e-05	1.322578e-05	1.316082e-05	2.158278e-05	4.505543e-05	9.997060e-01
4.800000e+00	1.955433e-03	1.076012e-05	7.839797e-06	3.335021e-06	1.917906e-05	1.360633e-05	1.319837e-05	2.193494e-05	4.598377e-05	9.996839e-01
4.900000e+00	1.955433e-03	1.075517e-05	7.820890e-06	3.339060e-06	1.906063e-05	1.343962e-05	1.309984e-05	2.191512e-05	4.560010e-05	9.996699e-01
5.000000e+00	1.955433e-03	1.122666e-05	8.333459e-06	3.477767e-06	1.978878e-05	1.433003e-05	1.354055e-05	2.303789e-05	4.765936e-05	9.996604e-01
5.100000e+00	1.955433e-03	1.145207e-05	8.679047e-06	3.416426e-06	2.046141e-05	1.518020e-05	1.339391e-05	2.354755e-05	4.903552e-05	9.996542e-01
5.200000e+00	1.955433e-03	1.154541e-05	8.679526e-06	3.406208e-06	2.049640e-05	1.502997e-05	1.323816e-05	2.363115e-05	4.876453e-05	9.996501e-01
5.300000e+00	1.955433e-03	1.167644e-05	8.457867e-06	3.459985e-06	2.043865e-05	1.435833e-05	1.316656e-05	2.359429e-05	4.796354e-05	9.996474e-01
5.400000e+00	1.955433e-03	1.206916e-05	8.246677e-06	3.491969e-06	2.127281e-05	1.408007e-05	1.327951e-05	2.380780e-05	4.863239e-05	9.996455e-01
5.500000e+00	1.955433e-03	1.238886e-05	8.083793e-06	3.589262e-06	2.175683e-05	1.378859e-05	1.351945e-05	2.406191e-05	4.906487e-05	9.996443e-01
5.600000e+00	1.955433e-03	1.200328e-05	7.956835e-06	3.439004e-06	2.144046e-05	1.398948e-05	1.302660e-05	2.339912e-05	4.845654e-05	9.996437e-01
5.700000e+00	1.955433e-03	1.209477e-05	8.170613e-06	3.712278e-06	2.106428e-05	1.407836e-05	1.369892e-05	2.397766e-05	4.884157e-05	9.996436e-01
5.800000e+00	1.955433e-03	1.208844e-05	8.520296e-06	3.831096e-06	2.110559e-05	1.483347e-05	1.407744e-05	2.443983e-05	5.001649e-05	9.996441e-01
5.900000e+00	1.955433e-03	1.179108e-05	8.396250e-06	3.682768e-06	2.098832e-05	1.481299e-05	1.359195e-05	2.387009e-05	4.939327e-05	9.996449e-01
6.000000e+00	1.955433e-03	1.235024e-05	8.705956e-06	3.913854e-06	2.175403e-05	1.513463e-05	1.417540e-05	2.497005e-05	5.106406e-05	9.996456e-01
6.100000e+00	1.955433e-03	1.230213e-05	8.653437e-06	3.907213e-06	2.162989e-05	1.499597e-05	1.404539e-05	2.486278e-05	5.067125e-05	9.996464e-01
6.200000e+00	1.955433e-03	1.240743e-05	8.670647e-06	3.965018e-06	2.177932e-05	1.495321e-05	1.415796e-05	2.504309e-05	5.089049e-05	9.996470e-01
6.300000e+00	1.955433e-03	1.232708e-05	8.580950e-06	4.052343e-06	2.150784e-05	1.475326e-05	1.430344e-05	2.496038e-05	5.056454e-05	9.996476e-01
6.400000e+00	1.955433e-03	1.242138e-05	8.719116e-06	4.124175e-06	2.162909e-05	1.503450e-05	1.443331e-05	2.526467e-05	5.109690e-05	9.996481e-01
6.500000e+00	1.955433e-03	1.246917e-05	8.609007e-06	4.156045e-06	2.170798e-05	1.480748e-05	1.435605e-05	2.523422e-05	5.087151e-05	9.996487e-01
6.600000e+00	1.955433e-03	1.247137e-05	8.330103e-06	3.987631e-06	2.218629e-05	1.455311e-05	1.377867e-05	2.478911e-05	5.051808e-05	9.996491e-01
6.700000e+00	1.955433e-03	1.315637e-05	8.498640e-06	4.356286e-06	2.290126e-05	1.449693e-05	1.473385e-05	2.601129e-05	5.213204e-05	9.996495e-01
6.800000e+00	1.955433e-03	1.318375e-05	8.368825e-06	4.661884e-06	2.241520e-05	1.397209e-05	1.536383e-05	2.621446e-05	5.175112e-05	9.996500e-01
6.900000e+00	1.955433e-03	1.295607e-05	8.189592e-06	4.729400e-06	2.217909e-05	1.381017e-05	1.564918e-05	2.587506e-05	5.163844e-05	9.996504e-01
7.000000e+00	1.955433e-03	1.235396e-05	7.833090e-06	4.676390e-06	2.129436e-05	1.333652e-05	1.551396e-05	2.486344e-05	5.014484e-05	9.996508e-01
7.100000e+00	1.955433e-03	1.162839e-05	7.558102e-06	4.472947e-06	2.037955e-05	1.317154e-05	1.501666e-05	2.365943e-05	4.856774e-05	9.996511e-01
7.200000e+00	1.955433e-03	1.142355e-05	7.686773e-06	4.573446e-06	1.997527e-05	1.342005e-05	1.527632e-05	2.368377e-05	4.867164e-05	9.996516e-01
7.300000e+00	1.955433e-03	1.117968e-05	7.932231e-06	4.512924e-06	1.969973e-05	1.401286e-05	1.506309e-05	2.362483e-05	4.877568e-05	9.996519e-01
7.400000e+00	1.955433e-03	1.135618e-05	8.609763e-06	4.637358e-06	1.990524e-05	1.517910e-05	1.537542e-05	2.460330e-05	5.045976e-05	9.996523e-01
7.500000e+00	1.955433e-03	1.154918e-05	9.293993e-06	4.500514e-06	2.036534e-05	1.640606e-05	1.488575e-05	2.534369e-05	5.165715e-05	9.996526e-01
7.600000e+00	1.955433e-03	1.248735e-05	9.791316e-06	4.588763e-06	2.208491e-05	1.701654e-05	1.513351e-05	2.686743e-05	5.423496e-05	9.996527e-01
7.700000e+00	1.955433e-03	1.268482e-05	9.266816e-06	4.602998e-06	2.195152e-05	1.557340e-05	1.484543e-05	2.655463e-05	5.237035e-05	9.996527e-01
7.800000e+00	1.955433e-03	1.320153e-05	8.827461e-06	4.766414e-06	2.268632e-05	1.466851e-05	1.527262e-05	2.679540e-05	5.262746e-05	9.996526e-01
7.900000e+00	1.955433e-03	1.305328e-05	8.174903e-06	4.759223e-06	2.258043e-05	1.371850e-05	1.537587e-05	2.598741e-05	5.167479e-05	9.996523e-01
8.000000e+00	1.955433e-03	1.304775e-05	7.963111e-06	4.884583e-06	2.262508e-05	1.350083e-05	1.580467e-05	2.589545e-05	5.193058e-05	9.996517e-01
8.100000e+00	1.955433e-03	1.248430e-05	7.744300e-06	4.861936e-06	2.174994e-05	1.329839e-05	1.579589e-05	2.509053e-05	5.084422e-05	9.996508e-01
8.200000e+00	1.955433e-03	1.197391e-05	7.758182e-06	4.793168e-06	2.109599e-05	1.356094e-05	1.570275e-05	2.452526e-05	5.035968e-05	9.996492e-01
8.300000e+00	1.955433e-03	1.133475e-05	7.584059e-06	4.728923e-06	1.975377e-05	1.310956e-05	1.527027e-05	2.364774e-05	4.813361e-05	9.996469e-01
8.400000e+00	1.955433e-03	1.136785e-05	7.821975e-06	4.692718e-06	2.014827e-05	1.374661e-05	1.533522e-05	2.388255e-05	4.923011e-05	9.996437e-01
8.500000e+00	1.955433e-03	1.167854e-05	8.111535e-06	4.930350e-06	2.025472e-05	1.391063e-05	1.568311e-05	2.472043e-05	4.984845e-05	9.996401e-01
8.600000e+00	1.955433e-03	1.157656e-05	8.035106e-06	4.751279e-06	2.034004e-05	1.390857e-05	1.524666e-05	2.436295e-05	4.949527e-05	9.996363e-01
8.700000e+00	1.955433e-03	1.220304e-05	8.503537e-06	4.858956e-06	2.149907e-05	1.474904e-05	1.550277e-05	2.556553e-05	5.175088e-05	9.996324e-01
8.800000e+00	1.955433e-03	1.212489e-05	8.430387e-06	4.666207e-06	2.143421e-05	1.463374e-05	1.493470e-05	2.522148e-05	5.100265e-05	9.996282e-01
8.900000e+00	1.955433e-03	1.271996e-05	8.743763e-06	4.992093e-06	2.194111e-05	1.479476e-05	1.561131e-05	2.645582e-05	5.234718e-05	9.996237e-01
9.000000e+00	1.955433e-03	1.245563e-05	8.384392e-06	4.946508e-06	2.145316e-05	1.418181e-05	1.548239e-05	2.578653e-05	5.111736e-05	9.996190e-01
9.100000e+00	1.955433e-03	1.242983e-05	8.158263e-06	4.952745e-06	2.165283e-05	1.397609e-05	1.567764e-05	2.554084e-05	5.130657e-05	9.996138e-01
9.200000e+00	1.955433e-03	1.238203e-05	8.001116e-06	5.162886e-06	2.123766e-05	1.354408e-05	1.615885e-05	2.554603e-05	5.094060e-05	9.996087e-01
9.300000e+00	1.955433e-03	1.188181e-05	7.673770e-06	5.106064e-06	2.044389e-05	1.307113e-05	1.609758e-05	2.466164e-05	4.961260e-05	9.996040e-01
9.400000e+00	1.955433e-03	1.150617e-05	7.535220e-06	5.059021e-06	1.986306e-05	1.292707e-05	1.599085e-05	2.410041e-05	4.878098e-05	9.996001e-01
9.500000e+00	1.955433e-03	1.128387e-05	7.589036e-06	4.984263e-06	1.961207e-05	1.314880e-05	1.583356e-05	2.385717e-05	4.859444e-05	9.995967e-01
9.600000e+00	1.955433e-03	1.079147e-05	7.570574e-06	4.722508e-06	1.890912e-05	1.327427e-05	1.505824e-05	2.308456e-05	4.724163e-05	9.995934e-01
9.700000e+00	1.955433e-03	1.077661e-05	7.905850e-06	4.559579e-06	1.910162e-05	1.398284e-05	1.460258e-05	2.324204e-05	4.768704e-05	9.995898e-01
9.800000e+00	1.955433e-03	1.147413e-05	8.578797e-06	4.763178e-06	2.014434e-05	1.493477e-05	1.502514e-05	2.481611e-05	5.010424e-05	9.995857e-01
9.900000e+00	1.955433e-03	1.196288e-05	8.811597e-06	4.806848e-06	2.103813e-05	1.528401e-05	1.512421e-05	2.558132e-05	5.144635e-05	9.995813e-01
1.000000e+01	1.955433e-03	1.228005e-05	8.759587e-06	4.889848e-06	2.160122e-05	1.516030e-05	1.548305e-05	2.592948e-05	5.224456e-05	9.995767e-01
1.010000e+01	1.955433e-03	1.229525e-05	8.466985e-06	4.826190e-06	2.179504e-05	1.481505e-05	1.540203e-05	2.558843e-05	5.201212e-05	9.995722e-01
1.020000e+01	1.955433e-03	1.239334e-05	8.400231e-06	4.934729e-06	2.153960e-05	1.450990e-05	1.541108e-05	2.572830e-05	5.146058e-05	9.995680e-01
1.030000e+01	1.955433e-03	1.207180e-05	8.083888e-06	4.955233e-06	2.068664e-05	1.381107e-05	1.530049e-05	2.511092e-05	4.979820e-05	9.995637e-01
1.040000e+01	1.955433e-03	1.225332e-05	8.085355e-06	5.073527e-06	2.114270e-05	1.393400e-05	1.574475e-05	2.541220e-05	5.082145e-05	9.995591e-01
1.050000e+01	1.955433e-03	1.184540e-05	7.788883e-06	4.889340e-06	2.073469e-05	1.362916e-05	1.533191e-05	2.452362e-05	4.969576e-05	9.995543e-01
1.060000e+01	1.955433e-03	1.173168e-05	7.698675e-06	4.942379e-06	2.032501e-05	1.331383e-05	1.530744e-05	2.437274e-05	4.894627e-05	9.995495e-01
1.070000e+01	1.955433e-03	1.211235e-05	7.964617e-06	5.132569e-06	2.110964e-05	1.383812e-05	1.597337e-05	2.520953e-05	5.092113e-05	9.995444e-01
1.080000e+01	1.955433e-03	1.211301e-05	7.935064e-06	5.112375e-06	2.120532e-05	1.386590e-05	1.595182e-05	2.516045e-05	5.102304e-05	9.995395e-01
1.090000e+01	1.955433e-03	1.211377e-05	7.865712e-06	5.150463e-06	2.114395e-05	1.371786e-05	1.602004e-05	2.512995e-05	5.088184e-05	9.995347e-01
1.100000e+01	1.955433e-03	1.158669e-05	7.472489e-06	4.822288e-06	2.059982e-05	1.329260e-05	1.517416e-05	2.388147e-05	4.906659e-05	9.995307e-01
1.110000e+01	1.955433e-03	1.180599e-05	7.653736e-06	4.985616e-06	2.072787e-05	1.348742e-05	1.552485e-05	2.444535e-05	4.974014e-05	9.995273e-01
1.120000e+01	1.955433e-03	1.160469e-05	7.705788e-06	4.997880e-06	2.023827e-05	1.355716e-05	1.545600e-05	2.430836e-05	4.925143e-05	9.995246e-01
1.130000e+01	1.955433e-03	1.130606e-05	7.722082e-06	4.893030e-06	1.965152e-05	1.358107e-05	1.500898e-05	2.392118e-05	4.824157e-05	9.995227e-01
1.140000e+01	1.955433e-03	1.153755e-05	8.000537e-06	4.940606e-06	2.005304e-05	1.403965e-05	1.510552e-05	2.447869e-05	4.919821e-05	9.995209e-01
1.150000e+01	1.955433e-03	1.164223e-05	8.017647e-06	4.894553e-06	2.040216e-05	1.413321e-05	1.508302e-05	2.455443e-05	4.961839e-05	9.995193e-01
1.160000e+01	1.955433e-03	1.182199e-05	8.035892e-06	4.989614e-06	2.075785e-05	1.415358e-05	1.540754e-05	2.484749e-05	5.031896e-05	9.995172e-01
1.170000e+01	1.955433e-03	1.185446e-05	7.974888e-06	5.002516e-06	2.089684e-05	1.407926e-05	1.543600e-05	2.483186e-05	5.041209e-05	9.995150e-01
1.180000e+01	1.955433e-03	1.177457e-05	7.925031e-06	5.100834e-06	2.050373e-05	1.382621e-05	1.555666e-05	2.480044e-05	4.988660e-05	9.995128e-01
1.190000e+01	1.955433e-03	1.122575e-05	7.619491e-06	4.999524e-06	1.950969e-05	1.328291e-05	1.525967e-05	2.384476e-05	4.805227e-05	9.995106e-01
1.200000e+01	1.955433e-03	1.121723e-05	7.832697e-06	5.156264e-06	1.936827e-05	1.367699e-05	1.566443e-05	2.420619e-05	4.870968e-05	9.995076e-01
1.210000e+01	1.955433e-03	1.050958e-05	7.691629e-06	4.819780e-06	1.824529e-05	1.362345e-05	1.467630e-05	2.302099e-05	4.654505e-05	9.995032e-01
1.220000e+01	1.955433e-03	1.110214e-05	8.259846e-06	4.929141e-06	1.930296e-05	1.458945e-05	1.486876e-05	2.429112e-05	4.876117e-05	9.994976e-01
1.230000e+01	1.955433e-03	1.182528e-05	8.486947e-06	4.878517e-06	2.081571e-05	1.499649e-05	1.470144e-05	2.519074e-05	5.051364e-05	9.994919e-01
1.240000e+01	1.955433e-03	1.263930e-05	8.554195e-06	4.988648e-06	2.211846e-05	1.491009e-05	1.495335e-05	2.618214e-05	5.198190e-05	9.994869e-01
1.250000e+01	1.955433e-03	1.293837e-05	8.329961e-06	5.138203e-06	2.239854e-05	1.432045e-05	1.532419e-05	2.640653e-05	5.204317e-05	9.994829e-01
1.260000e+01	1.955433e-03	1.308277e-05	8.025458e-06	5.340852e-06	2.234471e-05	1.360683e-05	1.582099e-05	2.644908e-05	5.177253e-05	9.994787e-01
1.270000e+01	1.955433e-03	1.268914e-05	7.533720e-06	5.398605e-06	2.158996e-05	1.275840e-05	1.601325e-05	2.562146e-05	5.036162e-05	9.994752e-01
1.280000e+01	1.955433e-03	1.190390e-05	7.126461e-06	5.278151e-06	2.047203e-05	1.232723e-05	1.594735e-05	2.430851e-05	4.874661e-05	9.994735e-01
1.290000e+01	1.955433e-03	1.110384e-05	6.971928e-06	5.168966e-06	1.929432e-05	1.230403e-05	1.580279e-05	2.324473e-05	4.740113e-05	9.994726e-01
1.300000e+01	1.955433e-03	1.009685e-05	6.753359e-06	4.854364e-06	1.770267e-05	1.206119e-05	1.494945e-05	2.170457e-05	4.471330e-05	9.994712e-01
1.310000e+01	1.955433e-03	9.892747e-06	7.026367e-06	4.874424e-06	1.733499e-05	1.251874e-05	1.492921e-05	2.179354e-05	4.478294e-05	9.994698e-01
1.320000e+01	1.955433e-03	1.009738e-05	7.581019e-06	4.872813e-06	1.778450e-05	1.358354e-05	1.489026e-05	2.255121e-05	4.625830e-05	9.994681e-01
1.330000e+01	1.955433e-03	1.086818e-05	8.378625e-06	4.844109e-06	1.939903e-05	1.517435e-05	1.485410e-05	2.409092e-05	4.942747e-05	9.994658e-01
1.340000e+01	1.955433e-03	1.160911e-05	8.760221e-06	4.876606e-06	2.052293e-05	1.552571e-05	1.472393e-05	2.524594e-05	5.077257e-05	9.994609e-01
1.350000e+01	1.955433e-03	1.243695e-05	8.867120e-06	5.000765e-06	2.171173e-05	1.533290e-05	1.489898e-05	2.630483e-05	5.194362e-05	9.994538e-01
1.360000e+01	1.955433e-03	1.281032e-05	8.486523e-06	5.100462e-06	2.236392e-05	1.454935e-05	1.532624e-05	2.639730e-05	5.223951e-05	9.994455e-01
1.370000e+01	1.955433e-03	1.283894e-05	8.125205e-06	5.260550e-06	2.232390e-05	1.391574e-05	1.580485e-05	2.622470e-05	5.204450e-05	9.994368e-01
1.380000e+01	1.955433e-03	1.211833e-05	7.708738e-06	5.111393e-06	2.119721e-05	1.345794e-05	1.552590e-05	2.493846e-05	5.018106e-05	9.994279e-01
1.390000e+01	1.955433e-03	1.210846e-05	8.049605e-06	5.225768e-06	2.114048e-05	1.418420e-05	1.582347e-05	2.538383e-05	5.114816e-05	9.994176e-01
1.400000e+01	1.955433e-03	1.159394e-05	8.106569e-06	5.007874e-06	2.049033e-05	1.447460e-05	1.538491e-05	2.470839e-05	5.034984e-05	9.994065e-01
1.410000e+01	1.955433e-03	1.136671e-05	8.104067e-06	4.896527e-06	2.009934e-05	1.440299e-05	1.509465e-05	2.436730e-05	4.959698e-05	9.993959e-01
1.420000e+01	1.955433e-03	1.200499e-05	8.542515e-06	5.168645e-06	2.091449e-05	1.495979e-05	1.562461e-05	2.571615e-05	5.149889e-05	9.993874e-01
1.430000e+01	1.955433e-03	1.210329e-05	8.510022e-06	5.005556e-06	2.131885e-05	1.514183e-05	1.530969e-05	2.561887e-05	5.177036e-05	9.993813e-01
1.440000e+01	1.955433e-03	1.247211e-05	8.467971e-06	5.036895e-06	2.184392e-05	1.495450e-05	1.526134e-05	2.597698e-05	5.205977e-05	9.993763e-01
1.450000e+01	1.955433e-03	1.266887e-05	8.147642e-06	5.013993e-06	2.215445e-05	1.434453e-05	1.511118e-05	2.583051e-05	5.161016e-05	9.993704e-01
1.460000e+01	1.955433e-03	1.270151e-05	7.795243e-06	5.090185e-06	2.207963e-05	1.364503e-05	1.522179e-05	2.558694e-05	5.094645e-05	9.993653e-01
1.470000e+01	1.955433e-03	1.259007e-05	7.553735e-06	5.249404e-06	2.169061e-05	1.314192e-05	1.560535e-05	2.539321e-05	5.043788e-05	9.993617e-01
1.480000e+01	1.955433e-03	1.186352e-05	7.235670e-06	5.201636e-06	2.044622e-05	1.266481e-05	1.553907e-05	2.430082e-05	4.865010e-05	9.993594e-01
1.490000e+01	1.955433e-03	1.148249e-05	7.458039e-06	5.204437e-06	2.001997e-05	1.330345e-05	1.573799e-05	2.414496e-05	4.906141e-05	9.993581e-01
1.500000e+01	1.955433e-03	1.080666e-05	7.448900e-06	4.949348e-06	1.887249e-05	1.328461e-05	1.486544e-05	2.320491e-05	4.702254e-05	9.993566e-01
1.510000e+01	1.955433e-03	1.092478e-05	7.672863e-06	5.009768e-06	1.893212e-05	1.346334e-05	1.484359e-05	2.360741e-05	4.723904e-05	9.993541e-01
1.520000e+01	1.955433e-03	1.105919e-05	7.651546e-06	5.119963e-06	1.896953e-05	1.317765e-05	1.500480e-05	2.383070e-05	4.715198e-05	9.993505e-01
1.530000e+01	1.955433e-03	1.082888e-05	7.238628e-06	5.006130e-06	1.877556e-05	1.255820e-05	1.486718e-05	2.307363e-05	4.620095e-05	9.993471e-01
1.540000e+01	1.955433e-03	1.132265e-05	7.402649e-06	5.373045e-06	1.935672e-05	1.269264e-05	1.572916e-05	2.409834e-05	4.777853e-05	9.993429e-01
1.550000e+01	1.955433e-03	1.112980e-05	7.306733e-06	5.180044e-06	1.951981e-05	1.291797e-05	1.557040e-05	2.361657e-05	4.800818e-05	9.993372e-01
1.560000e+01	1.955433e-03	1.073452e-05	7.144715e-06	5.011470e-06	1.878034e-05	1.260549e-05	1.505281e-05	2.289071e-05	4.643864e-05	9.993303e-01
1.570000e+01	1.955433e-03	1.070799e-05	7.338476e-06	4.989850e-06	1.873394e-05	1.296109e-05	1.501565e-05	2.303632e-05	4.671068e-05	9.993240e-01
1.580000e+01	1.955433e-03	1.061856e-05	7.614320e-06	4.865024e-06	1.868455e-05	1.357529e-05	1.478222e-05	2.309790e-05	4.704207e-05	9.993181e-01
1.590000e+01	1.955433e-03	1.092322e-05	7.999794e-06	4.839764e-06	1.929492e-05	1.425633e-05	1.467268e-05	2.376278e-05	4.822392e-05	9.993142e-01
1.600000e+01	1.955433e-03	1.168257e-05	8.521398e-06	4.817764e-06	2.092533e-05	1.533469e-05	1.473372e-05	2.502173e-05	5.099374e-05	9.993130e-01
1.610000e+01	1.955433e-03	1.253373e-05	8.944174e-06	4.987997e-06	2.215265e-05	1.581787e-05	1.504195e-05	2.646590e-05	5.301247e-05	9.993130e-01
1.620000e+01	1.955433e-03	1.261110e-05	8.612179e-06	4.928933e-06	2.217126e-05	1.507895e-05	1.478257e-05	2.615221e-05	5.203278e-05	9.993125e-01
1.630000e+01	1.955433e-03	1.268076e-05	8.277635e-06	4.997132e-06	2.210357e-05	1.439522e-05	1.494638e-05	2.595553e-05	5.144517e-05	9.993111e-01
1.640000e+01	1.955433e-03	1.232952e-05	7.846981e-06	5.058605e-06	2.122835e-05	1.356490e-05	1.498978e-05	2.523510e-05	4.978304e-05	9.993100e-01
1.650000e+01	1.955433e-03	1.220450e-05	7.730050e-06	5.274263e-06	2.098810e-05	1.345896e-05	1.564322e-05	2.520881e-05	5.009028e-05	9.993089e-01
1.660000e+01	1.955433e-03	1.151324e-05	7.460714e-06	5.067165e-06	2.026615e-05	1.343918e-05	1.534098e-05	2.404112e-05	4.904631e-05	9.993072e-01
1.670000e+01	1.955433e-03	1.105121e-05	7.310417e-06	4.930016e-06	1.966995e-05	1.332414e-05	1.503912e-05	2.329164e-05	4.803322e-05	9.993051e-01
1.680000e+01	1.955433e-03	1.104061e-05	7.415129e-06	5.111762e-06	1.895050e-05	1.303329e-05	1.490130e-05	2.356750e-05	4.688509e-05	9.993002e-01
1.690000e+01	1.955433e-03	1.119007e-05	7.626216e-06	5.085268e-06	1.926692e-05	1.344756e-05	1.482300e-05	2.390156e-05	4.753749e-05	9.992931e-01
1.700000e+01	1.955433e-03	1.164894e-05	7.914931e-06	5.066173e-06	2.033307e-05	1.406654e-05	1.494413e-05	2.463005e-05	4.934374e-05	9.992842e-01
1.710000e+01	1.955433e-03	1.241455e-05	8.270736e-06	5.203099e-06	2.181579e-05	1.467569e-05	1.544036e-05	2.588838e-05	5.193184e-05	9.992751e-01
1.720000e+01	1.955433e-03	1.272785e-05	8.294424e-06	5.270990e-06	2.215913e-05	1.451376e-05	1.557970e-05	2.629326e-05	5.225259e-05	9.992644e-01
1.730000e+01	1.955433e-03	1.293147e-05	8.289434e-06	5.458059e-06	2.222937e-05	1.429350e-05	1.600187e-05	2.667896e-05	5.252473e-05	9.992521e-01
1.740000e+01	1.955433e-03	1.248331e-05	7.944155e-06	5.357019e-06	2.143694e-05	1.371335e-05	1.576644e-05	2.578449e-05	5.091673e-05	9.992399e-01
1.750000e+01	1.955433e-03	1.201480e-05	7.668394e-06	5.275976e-06	2.072407e-05	1.334590e-05	1.564051e-05	2.495917e-05	4.971049e-05	9.992283e-01
1.760000e+01	1.955433e-03	1.163637e-05	7.549474e-06	5.186760e-06	2.014246e-05	1.326324e-05	1.544004e-05	2.437261e-05	4.884574e-05	9.992193e-01
1.770000e+01	1.955433e-03	1.160153e-05	7.669939e-06	5.159012e-06	2.032383e-05	1.365950e-05	1.550192e-05	2.443048e-05	4.948525e-05	9.992130e-01
1.780000e+01	1.955433e-03	1.143821e-05	7.633231e-06	5.058174e-06	2.016449e-05	1.365646e-05	1.524689e-05	2.412962e-05	4.906785e-05	9.992080e-01
1.790000e+01	1.955433e-03	1.182388e-05	7.923487e-06	5.350242e-06	2.043743e-05	1.388972e-05	1.580431e-05	2.509761e-05	5.013146e-05	9.992050e-01
1.800000e+01	1.955433e-03	1.118071e-05	7.530860e-06	5.126915e-06	1.929766e-05	1.321024e-05	1.516610e-05	2.383849e-05	4.767400e-05	9.992042e-01
1.810000e+01	1.955433e-03	1.075034e-05	7.267976e-06	4.960260e-06	1.861028e-05	1.282614e-05	1.470672e-05	2.297858e-05	4.614315e-05	9.992045e-01
1.820000e+01	1.955433e-03	1.084247e-05	7.433506e-06	5.025662e-06	1.877374e-05	1.316979e-05	1.489177e-05	2.330164e-05	4.683530e-05	9.992045e-01
1.830000e+01	1.955433e-03	1.090109e-05	7.580402e-06	4.939165e-06	1.917138e-05	1.364310e-05	1.478427e-05	2.342066e-05	4.759875e-05	9.992040e-01
1.840000e+01	1.955433e-03	1.125258e-05	7.865678e-06	5.030941e-06	1.960181e-05	1.397053e-05	1.483639e-05	2.414920e-05	4.840874e-05	9.992040e-01
1.850000e+01	1.955433e-03	1.157429e-05	7.923560e-06	5.022398e-06	2.038252e-05	1.411440e-05	1.495042e-05	2.452025e-05	4.944735e-05	9.992040e-01
1.860000e+01	1.955433e-03	1.164390e-05	7.740077e-06	5.067036e-06	2.016784e-05	1.349601e-05	1.476903e-05	2.445102e-05	4.843288e-05	9.992040e-01
1.870000e+01	1.955433e-03	1.172795e-05	7.573806e-06	5.184317e-06	2.031727e-05	1.323070e-05	1.518531e-05	2.448607e-05	4.873328e-05	9.992040e-01
1.880000e+01	1.955433e-03	1.141205e-05	7.431448e-06	5.097507e-06	2.005805e-05	1.330806e-05	1.518514e-05	2.394100e-05	4.855125e-05	9.992030e-01
1.890000e+01	1.955433e-03	1.094288e-05	7.275182e-06	5.095303e-06	1.893154e-05	1.288443e-05	1.495649e-05	2.331336e-05	4.677246e-05	9.992020e-01
1.900000e+01	1.955433e-03	1.072401e-05	7.364207e-06	4.955694e-06	1.910947e-05	1.344297e-05	1.500388e-05	2.304391e-05	4.755632e-05	9.992010e-01
1.910000e+01	1.955433e-03	1.102705e-05	7.680458e-06	5.028274e-06	1.945935e-05	1.382785e-05	1.487665e-05	2.373578e-05	4.816385e-05	9.992010e-01
1.920000e+01	1.955433e-03	1.139989e-05	7.985709e-06	5.040219e-06	1.998285e-05	1.423065e-05	1.474516e-05	2.442582e-05	4.895865e-05	9.991990e-01
1.930000e+01	1.955433e-03	1.174652e-05	8.445448e-06	4.866628e-06	2.127225e-05	1.555674e-05	1.464220e-05	2.505860e-05	5.147119e-05	9.991960e-01
1.940000e+01	1.955433e-03	1.234324e-05	8.968137e-06	5.070580e-06	2.175458e-05	1.600795e-05	1.486601e-05	2.638196e-05	5.262853e-05	9.991910e-01
1.950000e+01	1.955433e-03	1.209545e-05	8.594379e-06	5.008479e-06	2.134704e-05	1.529734e-05	1.485554e-05	2.569831e-05	5.149992e-05	9.991828e-01
1.960000e+01	1.955433e-03	1.240975e-05	8.510544e-06	5.338170e-06	2.125731e-05	1.465629e-05	1.532015e-05	2.625847e-05	5.123376e-05	9.991722e-01
1.970000e+01	1.955433e-03	1.219001e-05	7.941803e-06	5.299762e-06	2.092318e-05	1.375969e-05	1.523638e-05	2.543157e-05	4.991925e-05	9.991627e-01
1.980000e+01	1.955433e-03	1.243562e-05	7.957540e-06	5.394076e-06	2.160110e-05	1.406377e-05	1.571337e-05	2.578723e-05	5.137823e-05	9.991551e-01
1.990000e+01	1.955433e-03	1.256899e-05	8.026161e-06	5.474000e-06	2.179471e-05	1.421291e-05	1.590899e-05	2.606915e-05	5.191661e-05	9.991480e-01
2.000000e+01	1.955433e-03	1.232696e-05	7.910953e-06	5.337245e-06	2.136468e-05	1.401874e-05	1.547029e-05	2.557516e-05	5.085371e-05	9.991390e-01
2.010000e+01	1.955433e-03	1.242060e-05	7.918731e-06	5.371882e-06	2.127963e-05	1.381404e-05	1.536387e-05	2.571121e-05	5.045753e-05	9.991277e-01
2.020000e+01	1.955433e-03	1.266474e-05	7.901199e-06	5.468393e-06	2.176390e-05	1.373330e-05	1.577152e-05	2.603433e-05	5.126872e-05	9.991160e-01
2.030000e+01	1.955433e-03	1.231446e-05	7.629695e-06	5.439450e-06	2.119452e-05	1.328857e-05	1.580067e-05	2.538360e-05	5.028376e-05	9.991017e-01
2.040000e+01	1.955433e-03	1.196582e-05	7.664011e-06	5.428194e-06	2.063582e-05	1.346412e-05	1.588613e-05	2.505803e-05	4.998607e-05	9.990900e-01
2.050000e+01	1.955433e-03	1.165049e-05	7.703300e-06	5.440217e-06	2.008574e-05	1.351687e-05	1.600462e-05	2.479401e-05	4.960722e-05	9.990824e-01
2.060000e+01	1.955433e-03	1.139665e-05	7.577066e-06	5.305989e-06	1.992255e-05	1.344183e-05	1.581661e-05	2.427970e-05	4.918098e-05	9.990770e-01
2.070000e+01	1.955433e-03	1.143974e-05	7.567818e-06	5.267274e-06	2.002951e-05	1.344016e-05	1.568515e-05	2.427484e-05	4.915481e-05	9.990680e-01
2.080000e+01	1.955433e-03	1.122839e-05	7.439664e-06	5.075806e-06	1.970863e-05	1.326605e-05	1.510070e-05	2.374386e-05	4.807538e-05	9.990610e-01
2.090000e+01	1.955433e-03	1.150072e-05	7.678891e-06	5.233125e-06	2.020834e-05	1.370961e-05	1.569675e-05	2.441274e-05	4.961470e-05	9.990581e-01
2.100000e+01	1.955433e-03	1.111052e-05	7.594834e-06	5.044929e-06	1.959237e-05	1.367751e-05	1.516603e-05	2.375028e-05	4.843591e-05	9.990580e-01
2.110000e+01	1.955433e-03	1.138358e-05	8.007638e-06	5.123894e-06	1.988497e-05	1.433915e-05	1.520289e-05	2.451511e-05	4.942701e-05	9.990570e-01
2.120000e+01	1.955433e-03	1.127165e-05	7.928489e-06	4.940418e-06	1.969387e-05	1.412566e-05	1.459478e-05	2.414056e-05	4.841430e-05	9.990550e-01
2.130000e+01	1.955433e-03	1.184450e-05	7.934872e-06	5.050625e-06	2.090659e-05	1.413368e-05	1.506641e-05	2.483000e-05	5.010668e-05	9.990490e-01
2.140000e+01	1.955433e-03	1.180548e-05	7.654048e-06	5.160582e-06	2.029749e-05	1.326877e-05	1.497626e-05	2.462011e-05	4.854252e-05	9.990387e-01
2.150000e+01	1.955433e-03	1.189324e-05	7.597248e-06	5.249912e-06	2.054281e-05	1.330452e-05	1.536059e-05	2.474041e-05	4.920793e-05	9.990337e-01
2.160000e+01	1.955433e-03	1.206808e-05	7.633950e-06	5.480083e-06	2.084946e-05	1.336731e-05	1.612604e-05	2.518211e-05	5.034280e-05	9.990337e-01
2.170000e+01	1.955433e-03	1.154736e-05	7.255550e-06	5.319600e-06	2.018992e-05	1.285688e-05	1.584217e-05	2.412251e-05	4.888897e-05	9.990335e-01
2.180000e+01	1.955433e-03	1.096945e-05	7.034342e-06	5.110554e-06	1.923950e-05	1.253827e-05	1.534146e-05	2.311434e-05	4.711924e-05	9.990330e-01
2.190000e+01	1.955433e-03	1.052314e-05	6.947949e-06	5.025983e-06	1.830892e-05	1.230824e-05	1.497651e-05	2.249707e-05	4.559367e-05	9.990330e-01
2.200000e+01	1.955433e-03	1.026311e-05	7.052408e-06	4.944215e-06	1.798243e-05	1.260454e-05	1.482769e-05	2.225974e-05	4.541466e-05	9.990320e-01
2.210000e+01	1.955433e-03	1.031127e-05	7.391477e-06	5.000547e-06	1.815364e-05	1.327249e-05	1.511947e-05	2.270330e-05	4.654560e-05	9.990320e-01
2.220000e+01	1.955433e-03	1.051108e-05	7.947305e-06	4.976360e-06	1.859630e-05	1.441218e-05	1.503279e-05	2.343474e-05	4.804127e-05	9.990310e-01
2.230000e+01	1.955433e-03	1.061403e-05	8.262782e-06	4.810531e-06	1.871072e-05	1.489757e-05	1.441115e-05	2.368734e-05	4.801945e-05	9.990290e-01
2.240000e+01	1.955433e-03	1.129772e-05	8.597852e-06	4.855462e-06	1.994914e-05	1.538410e-05	1.451169e-05	2.475103e-05	4.984493e-05	9.990240e-01
2.250000e+01	1.955433e-03	1.187557e-05	8.545795e-06	4.940852e-06	2.103715e-05	1.525527e-05	1.484067e-05	2.536222e-05	5.113309e-05	9.990170e-01
2.260000e+01	1.955433e-03	1.239986e-05	8.464302e-06	5.057749e-06	2.186264e-05	1.509425e-05	1.507126e-05	2.592191e-05	5.202815e-05	9.990100e-01
2.270000e+01	1.955433e-03	1.267837e-05	8.320022e-06	5.054061e-06	2.235958e-05	1.489788e-05	1.502237e-05	2.605245e-05	5.227983e-05	9.990027e-01
2.280000e+01	1.955433e-03	1.241565e-05	7.935922e-06	4.812299e-06	2.228099e-05	1.452982e-05	1.457317e-05	2.516387e-05	5.138398e-05	9.989936e-01
2.290000e+01	1.955433e-03	1.267251e-05	7.995033e-06	5.009424e-06	2.196478e-05	1.414652e-05	1.455823e-05	2.567697e-05	5.066953e-05	9.989850e-01
2.300000e+01	1.955433e-03	1.254695e-05	7.791022e-06	5.126213e-06	2.164318e-05	1.368153e-05	1.485213e-05	2.546418e-05	5.017684e-05	9.989800e-01
2.310000e+01	1.955433e-03	1.279274e-05	7.991333e-06	5.345212e-06	2.232118e-05	1.428330e-05	1.569441e-05	2.612928e-05	5.229890e-05	9.989750e-01
2.320000e+01	1.955433e-03	1.214032e-05	7.756743e-06	5.159320e-06	2.125016e-05	1.400124e-05	1.516899e-05	2.505638e-05	5.042039e-05	9.989640e-01
2.330000e+01	1.955433e-03	1.172114e-05	7.615029e-06	5.135756e-06	2.024302e-05	1.355625e-05	1.487450e-05	2.447192e-05	4.867377e-05	9.989487e-01
2.340000e+01	1.955433e-03	1.162430e-05	7.557402e-06	5.257867e-06	2.022084e-05	1.347371e-05	1.546050e-05	2.443957e-05	4.915506e-05	9.989305e-01
2.350000e+01	1.955433e-03	1.117193e-05	7.247324e-06	5.180704e-06	1.965867e-05	1.303164e-05	1.543732e-05	2.359996e-05	4.812763e-05	9.989094e-01
2.360000e+01	1.955433e-03	1.166630e-05	7.753211e-06	5.527568e-06	2.018736e-05	1.378352e-05	1.608354e-05	2.494708e-05	5.005442e-05	9.988908e-01
2.370000e+01	1.955433e-03	1.161348e-05	8.163613e-06	5.354010e-06	2.017065e-05	1.458802e-05	1.561654e-05	2.513111e-05	5.037521e-05	9.988780e-01
2.380000e+01	1.955433e-03	1.219143e-05	8.379325e-06	5.385591e-06	2.133821e-05	1.482774e-05	1.585077e-05	2.595635e-05	5.201672e-05	9.988740e-01
2.390000e+01	1.955433e-03	1.212917e-05	7.884105e-06	5.309476e-06	2.116864e-05	1.383703e-05	1.569753e-05	2.532275e-05	5.070321e-05	9.988740e-01
2.400000e+01	1.955433e-03	1.158837e-05	7.336151e-06	5.106533e-06	2.022361e-05	1.301772e-05	1.514485e-05	2.403105e-05	4.838618e-05	9.988740e-01
2.410000e+01	1.955433e-03	1.118739e-05	7.202667e-06	5.003087e-06	1.967357e-05	1.303768e-05	1.494164e-05	2.339314e-05	4.765288e-05	9.988730e-01
2.420000e+01	1.955433e-03	1.099138e-05	7.318335e-06	5.020932e-06	1.916442e-05	1.317991e-05	1.482709e-05	2.333064e-05	4.717142e-05	9.988730e-01
2.430000e+01	1.955433e-03	1.044808e-05	7.270406e-06	4.815748e-06	1.841576e-05	1.326170e-05	1.436075e-05	2.253424e-05	4.603821e-05	9.988720e-01
2.440000e+01	1.955433e-03	1.076054e-05	7.681414e-06	4.936522e-06	1.891191e-05	1.392420e-05	1.454860e-05	2.337847e-05	4.738471e-05	9.988710e-01
2.450000e+01	1.955433e-03	1.124400e-05	7.995096e-06	5.095395e-06	1.967523e-05	1.435721e-05	1.491408e-05	2.433449e-05	4.894652e-05	9.988710e-01
2.460000e+01	1.955433e-03	1.162927e-05	7.996806e-06	5.172782e-06	2.046709e-05	1.432801e-05	1.521849e-05	2.479885e-05	5.001359e-05	9.988700e-01
2.470000e+01	1.955433e-03	1.204036e-05	7.927045e-06	5.293214e-06	2.121980e-05	1.414628e-05	1.558661e-05	2.526062e-05	5.095269e-05	9.988690e-01
2.480000e+01	1.955433e-03	1.198664e-05	7.570588e-06	5.339726e-06	2.089268e-05	1.332111e-05	1.557372e-05	2.489696e-05	4.978751e-05	9.988680e-01
2.490000e+01	1.955433e-03	1.178921e-05	7.276948e-06	5.423110e-06	2.023640e-05	1.263897e-05	1.559999e-05	2.448927e-05	4.847536e-05	9.988670e-01
2.500000e+01	1.955433e-03	1.180452e-05	7.430737e-06	5.587250e-06	2.031584e-05	1.304340e-05	1.619020e-05	2.482251e-05	4.954944e-05	9.988670e-01
2.510000e+01	1.955433e-03	1.068842e-05	7.192070e-06	5.094689e-06	1.877022e-05	1.299076e-05	1.512150e-05	2.297518e-05	4.688249e-05	9.988660e-01
2.520000e+01	1.955433e-03	1.069785e-05	7.640702e-06	5.137083e-06	1.879466e-05	1.376020e-05	1.528095e-05	2.347563e-05	4.783581e-05	9.988660e-01
2.530000e+01	1.955433e-03	1.096169e-05	7.971426e-06	5.189789e-06	1.913859e-05	1.416974e-05	1.525296e-05	2.412291e-05	4.856129e-05	9.988650e-01
2.540000e+01	1.955433e-03	1.069013e-05	7.617820e-06	4.771709e-06	1.883438e-05	1.360378e-05	1.411043e-05	2.307966e-05	4.654860e-05	9.988640e-01
2.550000e+01	1.955433e-03	1.151618e-05	7.974112e-06	5.037351e-06	2.002951e-05	1.403129e-05	1.473061e-05	2.452765e-05	4.879142e-05	9.988640e-01
2.560000e+01	1.955433e-03	1.178448e-05	7.888584e-06	5.111665e-06	2.047217e-05	1.385476e-05	1.492878e-05	2.478473e-05	4.925571e-05	9.988630e-01
2.570000e+01	1.955433e-03	1.170364e-05	7.686183e-06	5.153716e-06	2.030764e-05	1.353671e-05	1.509425e-05	2.454354e-05	4.893860e-05	9.988620e-01
